594 95 0
601 151 0
556 153 0
548 99 0
508 77 0
515 30 0
471 21 0
410 39 0
380 41 0
334 50 0
329 140 0
281 154 0
314 174 0
272 32 0
71 48 0
457 277 0
400 330 0
360 365 0
325 334 0
283 322 0
252 355 0
225 385 0
176 405 0
148 384 0
124 293 0
118 238 0
108 64 0
155 59 0
174 86 0
233 152 0
214 194 0
166 164 0
281 209 0
363 202 0
346 285 0
364 310 0
480 415 0
204 442 0
66 403 6
578 204 0
564 408 0
504 387 0
572 322 0
453 335 0
417 296 0
552 442 0
248 290 0
225 317 0
244 193 0
184 23 0
320 251 0
96 198 0
146 142 0
70 153 0
51 212 0
39 117 0
78 366 0
157 308 0
181 292 0
272 458 0
310 463 0
366 432 0
307 430 0
256 421 0
369 158 0
36 25 0
232 19 0
91 12 0
20 246 0
32 307 0
18 334 0
48 432 0
75 453 0
103 469 0
125 461 0
95 331 0
167 188 0
236 114 0
236 73 0
427 108 0
437 71 0
317 94 0
613 209 0
579 238 0
601 276 0
613 331 0
601 449 0
630 396 0
510 465 0
455 467 0
504 229 0
70 280 0
49 380 6
543 293 0
349 89 6
302 52 0
23 150 0
407 472 0
356 469 0
9 452 0
629 280 0
3 275 0
10 54 0
625 54 0
606 6 0
552 12 0
338 10 0
418 243 0
538 361 6
417 411 0
39 170 0
159 438 0
436 150 0
454 389 0
334 395 0
570 356 6
242 240 0
