488 116 8
366 88 8
363 30 8
407 19 8
170 312 0
594 133 8
588 79 8
512 332 8
202 350 0
620 267 0
57 308 0
155 423 0
401 441 0
497 385 0
468 289 1
467 212 0
402 190 0
401 125 0
347 174 0
195 271 0
122 306 0
121 349 0
515 213 0
428 45 8
410 89 8
575 232 8
499 463 0
166 462 0
115 460 0
230 435 0
61 432 0
297 406 0
580 399 0
398 393 0
348 395 0
53 387 0
213 388 0
269 361 0
75 347 0
628 340 2
633 299 2
244 293 0
94 286 0
367 277 6
418 272 0
276 255 0
111 240 0
428 224 0
320 228 0
34 221 0
632 198 2
112 194 0
45 175 0
475 158 0
431 158 0
244 146 0
187 138 0
630 116 0
329 111 0
556 101 0
89 105 0
271 92 0
33 50 0
607 39 0
184 38 0
594 10 0
121 13 0
134 87 0
501 260 0
575 311 0
327 349 3
429 319 0
393 319 6
346 315 0
72 14 0
310 311 0
315 20 0
276 39 8
153 170 0
133 131 0
293 180 8
211 179 8
241 53 8
577 439 0
235 337 2
225 105 0
150 56 6
158 241 0
545 368 8
578 186 8
517 149 8
458 73 8
260 217 8
366 237 8
51 260 0
10 317 0
489 49 0
538 434 0
