77 363 3
147 279 3
301 284 3
347 269 3
260 232 3
179 321 3
525 102 3
580 150 3
312 166 3
356 127 3
262 53 3
153 62 3
150 31 3
17 71 3
82 80 3
630 257 3
394 409 3
321 396 3
90 404 3
114 345 3
139 311 3
256 278 3
336 197 3
513 274 3
522 335 3
487 332 3
415 310 3
463 367 3
591 64 3
31 112 3
70 188 3
217 435 3
100 462 3
155 448 3
251 410 3
233 102 3
384 108 3
448 282 3
378 262 3
216 312 3
458 52 3
276 105 3
44 350 3
51 297 3
35 214 3
78 143 3
120 98 3
90 46 3
23 35 3
268 22 3
378 197 3
277 332 3
320 327 3
556 324 3
583 361 3
387 358 3
437 398 3
466 446 3
493 207 3
506 168 3
477 142 3
428 156 3
531 197 3
595 177 3
610 127 3
633 176 3
548 21 3
619 44 3
418 17 3
332 58 3
332 15 3
456 93 3
415 71 3
545 63 3
151 170 3
77 236 3
107 192 3
17 295 3
157 233 3
185 195 3
188 128 3
202 83 3
265 179 3
615 449 3
550 465 3
553 273 3
