140 239 8
88 285 8
36 134 8
242 312 8
349 451 8
520 32 8
266 42 8
47 347 3
36 379 3
145 301 3
154 180 3
42 187 3
272 150 3
322 42 3
183 90 3
135 390 3
369 290 3
463 98 3
551 398 3
522 179 3
82 55 3
521 352 3
451 375 3
338 380 3
298 312 3
240 271 3
187 448 3
158 425 3
207 425 3
467 445 3
124 10 3
41 68 3
104 360 3
123 107 3
298 110 3
370 67 0
163 340 3
91 324 3
47 420 3
73 452 3
25 462 3
138 142 3
177 125 3
125 199 3
43 230 3
79 162 3
39 273 3
180 288 3
189 212 3
226 217 3
183 257 3
163 30 3
308 12 3
237 57 3
437 15 3
465 14 3
543 68 3
576 97 3
611 67 3
586 23 3
420 72 3
372 115 3
345 175 3
307 205 3
320 253 3
334 286 3
356 241 3
408 233 3
448 290 3
536 286 3
244 457 0
394 160 3
345 333 3
227 357 3
238 402 3
404 349 3
404 271 3
511 256 3
514 316 3
417 415 3
452 415 0
358 415 3
324 405 3
290 445 3
573 149 3
488 151 3
531 125 3
592 271 3
564 199 3
620 376 3
632 128 3
622 204 3
632 166 3
591 173 3
622 245 3
450 327 3
94 248 3
505 419 3
267 211 3
191 54 3
604 462 3
