62 340 3
299 229 3
445 118 3
212 383 3
397 273 3
205 37 3
586 195 3
527 168 3
431 379 3
391 339 3
287 120 3
260 96 3
219 76 3
178 48 3
116 40 3
161 240 3
154 368 3
177 340 3
34 265 3
41 223 3
40 160 3
380 383 3
420 422 3
492 398 3
260 294 3
368 35 3
570 32 3
237 440 3
177 436 3
205 415 3
254 410 3
221 300 3
132 254 3
112 350 3
67 417 3
40 376 3
10 377 3
32 425 3
94 208 3
48 192 3
81 42 3
74 86 3
134 67 3
444 69 3
313 47 3
262 31 3
298 82 3
338 142 3
345 98 3
290 147 3
265 205 3
210 233 3
232 337 3
82 373 2
125 199 2
441 300 3
438 342 3
483 290 3
480 361 3
490 328 3
527 319 3
522 300 3
605 312 3
630 282 3
578 263 3
631 367 3
552 357 3
460 467 3
342 439 3
329 372 3
287 427 3
455 430 2
508 76 0
628 95 0
463 209 3
426 192 3
382 148 3
389 90 3
477 53 3
610 37 3
184 148 3
194 104 3
145 114 0
129 139 3
73 313 3
152 292 3
187 261 3
260 257 3
335 222 3
367 211 3
251 140 3
205 182 3
155 175 3
505 150 3
480 175 3
499 217 3
524 245 3
556 90 3
547 133 3
529 49 3
627 175 3
628 227 3
627 407 3
127 435 3
316 325 3
