576 98 8
162 382 3
205 366 3
72 281 3
80 357 3
502 306 3
432 163 3
175 421 3
41 447 3
398 233 3
516 222 3
546 120 3
519 255 9
240 309 9
404 77 9
435 122 3
390 162 3
444 217 3
363 236 3
397 271 3
454 287 3
422 309 3
382 317 3
385 352 3
449 324 3
476 317 3
511 187 3
175 28 3
18 85 3
51 61 3
81 25 3
131 27 3
148 105 3
17 149 3
53 195 0
140 238 0
223 333 3
203 236 3
250 221 3
249 177 0
292 315 3
249 442 3
316 415 3
289 456 3
349 448 3
371 404 3
341 377 3
419 382 0
145 450 0
116 379 2
64 401 3
165 352 0
527 347 3
567 395 3
606 417 3
329 337 2
42 291 3
93 126 0
317 251 0
400 458 3
450 432 3
509 142 3
509 93 3
521 16 3
455 71 3
434 41 3
388 8 3
236 33 3
118 201 3
78 159 3
162 176 3
175 219 3
110 268 3
515 385 3
611 351 3
602 268 0
551 166 3
560 210 3
564 65 3
606 231 3
207 297 3
335 211 3
355 178 3
214 193 3
241 102 3
312 84 3
347 115 3
325 157 3
150 63 3
206 63 3
455 467 3
531 465 3
