112 425 3
198 260 3
148 225 3
130 255 3
57 251 3
114 181 3
212 153 3
352 156 3
324 140 3
428 91 3
404 438 3
380 347 3
285 365 3
223 430 3
104 343 3
539 347 3
379 140 3
152 56 3
47 317 3
95 452 3
55 440 3
467 464 3
355 394 3
393 384 3
325 324 3
295 300 3
354 190 3
558 274 3
147 182 3
147 321 3
21 60 3
62 58 3
434 370 3
468 336 3
600 128 3
448 162 3
535 205 3
432 55 3
91 197 2
207 110 2
28 383 3
15 174 3
62 176 3
44 98 3
77 120 3
137 110 3
173 95 3
24 25 3
197 75 3
197 34 3
238 71 3
278 28 3
310 74 3
343 56 3
311 26 3
258 154 3
297 108 3
301 165 3
274 200 3
233 209 3
299 227 3
325 262 3
187 310 3
162 357 3
172 393 3
142 435 3
195 415 0
236 400 0
301 402 0
399 284 0
456 261 0
452 434 2
373 418 0
416 237 0
439 201 2
292 433 3
285 465 3
336 461 3
618 365 3
470 126 3
492 79 3
502 42 3
552 77 3
407 120 3
397 208 3
565 141 3
558 183 3
564 25 3
632 150 3
486 180 2
487 383 3
447 306 3
501 305 3
559 318 3
517 257 3
632 231 3
54 355 3
325 365 3
