176 230 3
254 109 3
225 126 3
227 149 3
188 377 3
480 276 3
320 240 3
389 255 3
486 83 3
440 81 3
613 101 3
480 370 3
448 353 3
412 352 3
197 464 3
135 383 3
272 195 3
284 263 3
244 359 3
435 241 3
560 318 3
597 272 3
537 231 3
555 199 3
567 157 3
460 182 3
288 330 3
333 430 3
367 407 3
415 407 3
453 389 3
184 260 3
157 260 3
145 196 3
501 34 3
77 426 3
376 450 3
435 442 3
296 78 0
255 16 0
378 95 0
336 201 0
197 195 0
532 322 0
584 73 0
592 47 0
14 335 3
23 302 3
19 244 3
50 138 3
42 35 3
51 11 3
5 15 3
87 40 3
135 16 3
128 52 3
112 91 3
149 107 3
188 117 3
91 169 3
123 241 3
99 309 3
145 300 3
124 340 3
79 351 3
112 413 3
91 462 3
235 437 3
274 451 3
277 374 3
240 275 3
286 213 3
236 175 3
299 137 3
361 52 3
327 27 3
412 112 3
407 152 3
368 165 3
381 211 3
372 282 3
420 280 3
382 320 3
337 354 3
338 392 3
328 460 3
627 372 3
597 332 3
570 259 3
496 236 3
523 176 3
604 179 3
630 129 3
527 98 3
