385 57 9
380 428 0
371 191 0
547 27 0
158 237 6
95 148 0
76 436 8
309 36 6
610 198 8
417 349 0
580 115 0
393 462 0
32 460 0
597 459 0
454 458 0
265 448 0
7 452 0
161 394 0
86 392 0
538 373 0
456 367 0
132 355 0
91 349 0
4 335 0
319 320 0
47 317 0
189 322 0
251 304 0
626 300 0
505 293 0
343 295 0
214 283 0
159 287 0
106 253 0
205 244 0
256 227 0
78 212 0
428 201 0
236 186 0
177 185 0
62 167 0
602 150 0
252 143 0
166 142 0
511 136 0
297 127 0
205 121 0
463 106 0
57 96 0
127 97 0
417 94 0
277 89 0
547 67 0
452 63 0
501 51 0
33 47 0
231 40 0
627 14 0
460 5 0
109 23 0
417 19 0
357 34 0
180 27 0
150 20 0
110 295 0
73 302 0
70 263 0
277 333 0
245 345 0
294 385 0
256 401 0
337 86 0
329 130 0
362 134 0
21 162 0
25 125 0
431 249 0
395 226 0
407 283 0
442 292 0
523 223 0
566 189 0
552 153 0
529 174 0
595 302 0
575 363 0
589 412 0
557 404 0
320 235 0
355 245 0
356 372 0
330 395 0
320 420 0
314 170 0
285 185 0
431 137 0
407 160 0
32 233 0
482 405 0
449 417 0
554 452 0
523 439 0
625 114 0
270 40 0
25 286 0
544 255 0
476 207 8
74 55 0
122 458 0
131 421 0
231 377 0
401 377 6
290 277 6
