319 280 8
381 343 8
439 343 8
401 419 8
402 454 8
334 457 8
223 382 8
84 221 8
69 355 8
107 403 8
55 440 8
33 466 8
569 352 8
445 381 8
236 250 8
149 151 0
597 149 6
138 30 0
254 218 8
278 300 8
248 417 8
341 318 8
351 473 8
499 470 8
209 460 8
570 458 0
538 426 0
21 394 0
457 293 0
206 271 0
515 270 8
474 246 0
141 210 0
369 201 0
189 193 0
481 191 0
593 186 0
232 176 0
113 175 0
399 166 0
340 168 0
456 156 0
296 153 0
71 139 0
33 111 0
277 70 0
337 67 0
565 63 0
36 60 0
390 55 0
227 42 0
95 39 0
283 26 0
465 18 0
388 15 0
26 20 0
173 49 0
182 77 0
491 415 0
455 416 0
431 461 0
509 377 0
519 343 0
507 309 0
555 148 0
503 150 0
549 202 0
540 249 0
590 255 0
597 304 0
594 401 0
360 394 0
477 88 0
531 93 0
539 32 0
42 290 0
128 313 0
92 325 0
147 275 8
169 309 8
221 317 8
221 347 8
128 425 8
135 447 8
79 454 8
296 421 8
287 457 8
440 215 0
406 231 8
346 235 0
306 233 0
302 342 0
321 371 0
339 409 0
175 389 0
160 106 8
574 18 0
600 85 3
580 110 0
10 176 8
54 177 8
62 265 8
112 245 8
120 88 0
115 112 0
217 89 0
266 110 0
409 289 1
