318 22 0
302 297 0
255 126 0
133 10 0
509 22 0
530 222 0
100 91 0
215 152 0
106 349 0
92 429 0
341 228 0
302 234 0
284 76 0
381 119 0
461 256 11
44 428 0
517 272 0
406 254 0
18 253 0
631 239 0
437 218 0
542 141 0
339 60 0
473 41 0
150 45 0
412 13 0
498 145 9
70 22 0
48 77 0
110 41 0
158 94 0
111 126 0
193 46 0
218 95 0
170 179 0
48 206 0
13 40 5
60 382 0
37 353 0
80 314 0
72 269 0
130 267 0
149 223 0
185 255 0
229 235 0
263 250 0
219 286 0
175 340 0
171 373 0
140 395 0
199 462 0
242 362 0
395 63 0
375 30 0
417 95 0
594 54 0
611 96 0
562 72 0
523 94 0
511 180 0
575 245 0
592 336 0
557 375 0
527 411 0
552 457 0
597 411 0
441 368 0
385 364 0
420 442 0
307 434 0
229 409 5
333 381 4
349 306 0
606 281 6
627 452 0
397 315 0
515 317 0
242 320 0
288 380 0
102 457 0
630 175 0
291 196 5
463 320 2
360 178 6
102 226 6
122 195 0
412 183 2
348 132 0
177 305 0
356 436 0
38 151 9
