171 125 0
229 192 0
177 350 6
603 267 6
448 442 4
138 371 6
312 364 8
274 288 0
410 267 9
464 58 7
208 440 0
234 448 0
258 391 0
216 263 0
315 425 0
438 120 0
477 123 0
590 308 0
85 54 0
187 11 0
52 247 0
327 287 6
302 122 0
329 238 0
486 468 8
380 450 0
280 455 0
162 410 0
98 407 0
25 370 0
479 371 0
87 357 0
18 308 0
526 293 0
115 235 0
20 227 0
75 203 0
402 132 0
507 10 0
133 15 0
128 442 0
59 318 0
62 280 0
100 310 0
128 278 0
153 291 0
445 365 0
392 411 0
343 365 0
352 402 4
487 189 5
268 243 0
227 227 0
23 75 0
91 89 0
136 140 0
213 90 0
227 136 0
225 39 0
260 25 0
341 11 0
356 55 0
543 32 0
557 66 11
603 120 0
589 170 0
553 109 0
576 196 8
552 253 0
557 336 0
576 360 0
394 347 0
452 273 0
30 182 0
91 7 0
143 67 5
151 328 0
177 252 0
247 322 0
213 352 0
361 311 0
336 329 0
289 156 9
576 413 7
538 209 4
562 460 4
290 206 6
437 216 0
341 122 0
369 95 0
513 135 0
299 255 0
365 230 0
26 417 7
60 454 4
325 85 0
193 205 11
144 209 0
124 181 0
514 92 9
627 176 3
601 225 3
368 270 0
175 171 0
325 172 0
369 171 5
282 333 0
183 463 0
403 201 3
415 92 0
36 131 0
