104 76 4
75 294 4
3 360 4
265 243 4
142 318 4
167 274 4
350 190 4
269 52 4
407 207 4
401 174 4
425 450 4
534 405 4
564 371 4
575 133 4
515 26 4
28 447 0
95 439 3
54 389 0
99 325 0
119 373 0
179 424 0
211 380 0
207 337 0
230 274 0
70 160 0
18 116 0
22 57 0
43 25 0
65 83 0
185 50 0
213 72 0
121 127 0
242 169 0
155 226 0
295 200 0
299 152 0
330 113 0
349 68 0
386 42 0
241 21 0
521 81 0
520 167 3
317 341 0
288 385 0
337 452 0
400 362 0
402 413 0
449 372 0
500 372 0
450 237 0
609 220 0
557 200 0
542 333 0
617 438 0
577 454 0
596 188 6
183 91 9
434 86 0
553 46 0
403 127 0
381 257 0
359 286 0
155 162 6
523 123 0
359 125 0
509 236 0
510 272 0
144 443 4
567 247 0
304 294 4
