94 59 7
457 231 5
171 201 8
268 291 0
308 299 0
268 332 0
399 281 6
508 336 6
434 320 0
446 166 8
429 400 0
416 470 2
123 465 0
25 464 0
497 451 0
314 369 0
189 363 0
9 362 0
427 363 0
169 319 0
481 282 0
245 253 0
341 252 0
416 249 0
369 178 0
125 176 0
194 171 0
236 172 0
626 130 0
7 75 0
348 11 2
288 12 2
34 20 0
283 445 7
199 460 0
62 162 0
29 122 0
94 93 0
125 116 0
217 114 0
195 71 0
148 24 0
233 41 0
416 112 0
451 115 0
458 30 0
412 43 0
501 113 0
499 147 0
398 329 0
352 322 0
165 425 0
270 393 0
224 410 0
210 280 0
184 243 0
226 221 0
282 223 0
272 193 0
327 210 0
599 408 0
569 418 0
581 363 0
545 340 0
562 457 0
453 437 0
401 436 0
368 460 0
614 283 0
605 235 0
560 234 0
560 279 0
625 197 0
590 148 0
77 349 0
25 398 0
113 381 0
119 343 0
122 298 0
147 262 0
13 238 0
381 96 0
352 130 0
320 172 0
564 38 0
611 67 0
565 190 4
73 444 4
92 228 5
312 111 5
280 38 4
629 18 4
472 68 0
590 105 0
266 77 0
507 51 0
541 114 9
473 197 0
250 467 6
