540 229 8
440 142 8
290 89 8
143 55 8
185 419 8
153 314 8
535 147 8
38 260 4
241 413 4
8 355 4
262 86 4
364 121 4
477 110 4
435 315 4
436 357 4
189 288 10
144 205 10
73 202 10
264 253 10
67 322 10
452 280 10
330 325 3
420 433 3
221 379 0
31 24 2
475 321 2
626 110 4
215 265 6
98 448 12
516 349 12
55 58 12
92 76 12
83 113 4
45 157 0
107 187 12
290 187 12
133 430 12
221 47 8
632 194 8
357 37 12
316 48 12
408 57 12
510 51 6
599 143 12
300 251 12
347 171 12
108 345 12
92 408 12
199 350 12
252 222 12
467 445 12
