177 144 5
392 149 0
235 178 0
216 209 0
424 92 0
197 103 0
184 468 0
505 385 0
317 383 0
568 368 0
387 355 0
634 296 0
506 217 0
25 213 0
304 209 0
145 189 0
256 72 0
218 67 0
584 48 0
512 47 0
498 14 0
388 436 5
460 310 9
72 284 0
25 270 0
81 224 0
44 175 0
60 149 0
26 104 0
76 80 0
102 101 0
115 136 0
140 105 0
167 68 0
95 36 0
291 129 0
305 80 0
336 54 0
304 28 0
363 32 0
408 33 0
450 50 0
482 77 0
392 106 0
361 138 0
320 160 0
451 147 0
519 137 0
512 97 0
554 86 0
603 91 0
558 134 0
605 153 0
582 185 0
629 192 0
537 187 0
478 185 0
557 299 0
501 320 0
533 347 0
545 407 6
549 445 0
434 222 0
383 217 0
392 255 1
415 292 0
155 228 0
136 253 0
460 394 0
456 365 0
359 315 0
347 360 0
257 419 0
219 432 0
168 435 0
287 451 0
321 466 0
365 458 0
602 323 0
125 330 0
24 337 0
45 403 6
74 424 0
114 413 0
167 388 0
195 359 0
223 323 0
233 277 0
267 333 0
280 281 0
56 348 0
320 311 0
186 244 0
197 281 0
226 381 0
315 245 0
134 28 2
24 65 6
122 66 0
249 119 2
149 293 4
429 413 0
347 217 0
627 123 6
281 248 0
59 314 4
501 450 0
584 253 2
396 397 3
106 458 0
172 16 0
276 370 1
110 359 5
