188 323 3
139 328 3
20 344 3
67 459 3
101 260 3
47 207 3
212 90 3
175 67 3
251 90 3
227 133 3
182 195 3
61 173 3
213 244 3
154 280 3
262 297 3
278 186 3
300 365 3
266 399 3
145 405 3
276 322 3
276 355 3
300 300 3
379 297 3
321 347 3
367 338 3
519 76 3
481 87 3
449 105 3
439 47 3
395 59 3
395 91 3
383 121 3
427 83 3
306 49 3
335 101 3
452 139 3
495 167 3
537 202 3
585 119 3
577 85 3
623 39 3
486 263 3
425 257 3
437 365 3
385 391 3
495 307 3
534 286 3
584 316 3
617 306 3
620 339 3
604 374 3
561 377 3
545 454 3
622 167 3
36 80 3
110 120 3
