75 42 3
120 50 3
90 102 3
73 131 3
48 148 3
50 230 3
20 187 3
153 39 3
212 52 3
191 31 3
217 11 3
156 74 2
217 98 2
101 172 2
23 237 2
440 303 2
424 395 8
363 332 8
305 365 8
253 213 8
365 95 3
337 111 3
397 55 3
427 41 3
484 35 3
498 63 3
482 92 3
510 26 3
419 194 3
395 228 3
357 175 3
323 179 3
220 187 3
301 213 3
147 242 3
99 256 3
92 398 3
30 398 3
153 365 3
215 257 3
173 256 3
345 302 3
269 369 3
300 408 3
162 406 3
333 457 3
385 430 3
502 350 3
611 380 3
615 463 3
594 211 3
560 213 3
482 248 2
227 293 3
92 365 3
179 319 3
