167 405 3
107 297 3
34 371 3
69 245 3
82 153 3
112 132 3
130 157 3
126 50 3
142 28 3
109 21 3
41 78 3
207 153 3
171 153 3
290 77 3
311 124 3
250 146 3
203 290 3
185 267 3
303 289 3
281 369 3
204 347 3
104 367 3
377 295 3
421 200 3
385 210 3
462 298 3
491 299 3
475 335 3
408 323 3
566 243 3
550 152 3
601 137 3
581 25 3
625 40 3
452 57 3
619 262 3
615 305 3
568 299 3
565 395 2
611 85 3
576 77 3
496 97 3
494 39 3
492 12 3
432 122 3
388 123 3
357 158 3
334 95 3
392 30 3
26 442 3
244 461 3
171 370 3
479 383 3
478 417 3
456 444 3
546 275 3
