38 8 3
37 90 3
30 134 3
90 92 3
142 98 3
167 47 3
198 124 3
156 132 3
113 166 3
85 192 3
80 225 3
51 232 3
19 230 3
182 193 3
213 211 3
242 199 3
239 160 3
265 137 3
302 127 3
325 166 3
363 14 3
349 103 3
396 117 3
452 118 3
493 85 3
535 76 2
343 72 2
597 46 2
574 101 2
585 149 3
604 85 3
512 223 3
438 230 3
456 262 3
340 213 3
298 216 3
512 153 3
94 309 3
152 262 3
153 227 3
227 248 3
212 280 3
171 304 3
151 341 3
94 378 3
136 428 3
222 369 3
259 322 3
289 286 3
218 321 3
52 56 3
270 435 3
232 422 3
351 394 3
398 319 3
325 312 3
385 442 3
444 349 3
562 368 3
505 320 3
482 350 3
601 339 3
592 395 3
