75 95 3
211 11 3
174 18 3
153 47 3
165 114 3
158 178 3
102 108 3
110 227 3
31 237 3
105 306 3
175 255 3
263 154 3
294 190 3
305 109 3
315 160 3
347 71 3
317 26 3
341 17 3
370 35 3
472 17 3
472 42 3
426 26 3
467 82 3
428 63 3
535 80 3
542 20 3
527 174 3
582 103 3
605 160 3
620 81 3
575 243 3
403 145 3
425 168 3
365 150 3
351 188 3
429 226 3
456 202 3
447 245 3
447 326 3
385 290 3
335 298 3
330 250 3
320 276 3
272 275 3
232 296 3
212 266 3
189 305 3
184 372 3
122 375 3
61 390 3
20 417 3
364 343 3
588 349 3
563 355 3
369 227 2
282 320 2
262 355 3
300 364 3
140 403 3
33 269 3
