612 260 2
567 292 2
529 399 2
208 160 2
39 360 3
79 342 3
30 257 3
34 327 3
140 182 3
136 156 3
32 52 3
103 69 3
255 65 3
337 124 3
364 85 3
437 71 3
535 47 3
554 74 3
613 160 3
506 215 3
544 232 3
418 187 3
379 176 3
442 122 3
343 243 3
443 258 3
443 312 3
483 327 3
508 309 3
515 346 3
188 422 3
130 411 3
515 261 0
352 320 8
623 297 8
489 379 8
102 182 8
267 100 8
559 353 8
158 82 2
599 122 2
115 30 2
85 37 3
59 78 3
123 380 3
92 316 3
91 278 3
144 297 2
372 460 3
375 428 3
474 415 3
451 456 3
412 443 3
531 175 3
461 45 3
