73 368 6
345 98 0
242 305 6
316 45 0
572 430 0
398 373 6
97 449 0
31 375 0
126 359 0
255 342 0
280 287 0
621 218 0
66 164 0
203 121 0
617 123 0
510 117 0
408 55 0
353 27 0
394 125 5
213 37 5
537 454 6
563 133 0
252 122 0
448 18 0
207 268 0
190 224 0
203 186 0
421 201 9
72 100 0
37 75 0
130 48 0
224 79 0
279 37 0
585 40 0
521 67 0
473 60 0
594 174 0
447 156 0
493 154 0
498 240 0
565 222 0
580 278 0
616 313 0
590 338 0
622 415 0
525 422 0
465 354 2
401 318 0
438 335 0
508 327 0
80 263 0
47 417 0
20 435 0
124 422 0
28 465 10
151 280 5
511 281 5
470 314 5
436 377 5
462 464 5
535 389 9
616 373 2
110 187 3
95 215 0
169 148 0
119 87 2
18 161 0
174 318 0
191 361 0
217 383 0
186 427 0
160 462 0
252 427 0
307 341 0
329 276 0
360 310 0
363 265 0
355 201 0
307 199 0
252 202 0
294 241 0
331 425 0
357 456 0
392 414 0
401 460 0
238 160 2
116 297 0
82 330 4
455 184 9
445 233 0
464 266 2
504 363 4
423 437 0
435 292 0
400 268 0
359 155 10
40 310 10
556 80 6
