207 170 0
217 98 0
306 112 0
278 138 0
230 140 0
147 320 0
147 280 0
481 197 9
495 313 9
162 17 0
316 193 0
302 469 0
522 372 0
390 357 0
227 333 0
363 311 0
394 224 0
20 210 0
59 197 0
257 191 0
25 150 0
521 130 0
120 120 0
406 98 0
23 99 0
548 95 0
85 79 0
286 72 0
476 44 0
114 45 0
570 30 0
528 18 6
493 11 0
64 14 0
207 25 5
299 405 5
365 395 5
450 381 5
493 400 5
595 173 5
479 95 5
432 411 3
354 461 3
347 245 6
511 71 6
75 361 9
35 452 0
70 435 0
104 465 0
100 406 0
23 402 0
32 314 0
145 365 0
155 433 0
218 466 0
199 423 0
230 399 0
191 377 9
583 353 0
615 382 0
624 427 0
613 330 2
527 430 0
491 437 0
485 350 0
619 243 0
586 265 0
553 218 0
491 264 0
463 229 0
437 297 0
458 317 0
428 347 0
262 365 10
289 308 0
327 336 0
207 285 0
175 260 5
421 157 0
436 200 5
347 182 0
316 257 0
614 51 0
600 91 0
433 68 2
464 133 0
56 119 0
60 155 0
145 154 0
173 182 0
151 217 0
196 216 0
115 220 0
91 247 0
157 64 0
240 64 0
433 20 0
393 32 0
390 178 0
480 159 0
535 259 0
437 121 6
397 314 2
264 452 0
282 237 4
