100 432 8
53 454 8
58 407 8
33 370 8
147 345 8
103 322 8
76 279 8
132 229 8
95 221 8
173 229 8
102 135 8
49 163 8
35 112 8
60 71 8
10 71 8
12 31 8
45 30 8
69 12 8
112 19 8
159 21 8
121 75 8
222 71 8
232 41 8
277 39 8
304 17 8
273 94 8
231 118 8
318 79 8
355 100 8
395 18 8
384 126 8
329 140 8
270 174 8
209 152 8
228 188 8
217 229 8
195 273 8
234 278 8
175 309 8
228 352 8
266 315 8
327 287 8
270 243 8
339 228 8
362 175 8
384 228 8
395 260 8
393 336 8
335 349 8
281 374 8
296 434 8
346 417 8
383 392 8
426 407 8
381 461 8
422 460 8
445 356 8
448 317 8
485 285 8
555 278 8
583 261 8
519 365 8
558 362 8
600 375 8
527 240 8
573 219 8
497 195 8
561 166 8
489 154 8
533 152 8
502 107 8
504 50 8
613 57 8
608 119 8
627 161 8
535 8 8
627 425 8
