298 434 8
219 427 8
161 432 8
201 464 8
118 446 8
121 380 8
87 336 8
45 392 8
43 342 8
49 305 8
56 257 8
26 207 8
100 181 8
159 62 8
43 70 8
97 28 8
145 23 8
312 42 8
275 94 8
287 186 8
189 198 8
147 234 8
122 275 8
161 310 8
275 280 8
350 220 8
392 182 8
326 159 8
362 101 8
402 130 8
437 124 8
470 117 8
507 113 8
562 83 8
535 39 8
480 42 8
622 110 8
495 192 8
531 222 8
465 246 8
421 264 8
342 291 8
280 350 8
434 393 8
468 325 8
522 311 8
572 304 8
550 355 8
569 385 8
470 434 8
401 450 8
630 429 8
562 437 8
127 146 8
175 266 8
