27 242 0
65 218 0
89 186 0
43 181 0
94 145 0
143 283 0
209 212 1
486 353 6
442 421 0
427 345 0
397 321 0
374 285 0
33 100 0
569 44 0
515 72 0
349 397 0
326 86 0
230 345 0
404 93 0
399 50 0
446 45 0
339 35 0
303 47 0
319 442 0
299 391 0
353 231 0
322 263 0
308 300 0
345 326 0
264 176 0
191 171 0
43 139 0
133 159 0
100 392 0
116 422 0
154 449 0
188 469 0
167 358 0
132 341 0
435 166 0
559 110 0
568 189 0
607 200 0
168 237 0
303 118 0
407 252 0
482 243 0
338 148 0
335 182 0
394 219 0
227 104 0
233 23 0
517 431 0
518 355 0
567 337 0
614 294 0
602 267 0
573 230 0
541 258 0
594 112 0
606 82 0
623 147 0
493 22 0
450 93 0
593 433 0
595 396 0
601 366 0
207 426 0
217 382 0
194 286 0
244 141 0
229 268 0
67 431 0
80 458 0
117 474 0
120 205 0
376 353 0
146 394 0
317 473 0
386 471 0
469 470 0
527 469 0
21 456 0
12 381 0
462 12 0
424 16 0
68 12 0
170 17 0
115 95 9
248 220 6
55 364 0
558 395 3
539 375 3
255 301 0
291 148 8
464 320 0
448 275 0
477 120 0
475 75 6
584 150 0
532 13 0
34 57 9
187 392 3
466 201 0
493 173 8
260 73 0
87 46 0
531 140 0
149 107 0
96 239 0
272 459 0
278 352 6
368 431 6
133 239 6
