250 426 5
448 117 5
468 69 5
308 213 0
449 303 3
590 26 0
518 464 0
253 465 0
561 450 0
56 449 6
25 370 0
190 352 0
560 347 0
635 327 0
341 316 0
625 293 0
502 272 0
32 265 0
145 252 0
632 241 0
351 247 0
9 237 0
241 229 0
44 215 0
81 218 0
627 197 0
210 199 0
120 182 0
292 174 0
626 163 0
83 154 1
414 150 0
363 136 0
326 117 0
280 108 0
390 116 0
620 106 0
216 101 0
83 73 0
429 330 5
350 438 5
175 437 5
180 275 7
166 213 9
592 83 9
290 328 6
335 166 0
35 39 0
90 17 0
134 28 0
135 86 0
152 120 0
64 114 2
218 20 0
322 19 0
358 35 0
407 40 0
398 67 0
504 28 0
557 55 0
534 86 0
553 116 0
590 140 0
517 151 0
505 191 0
515 225 0
559 219 0
582 211 0
597 269 0
601 328 0
507 344 0
487 303 0
455 152 0
455 231 0
462 269 0
411 285 0
388 360 0
514 380 0
477 419 0
539 417 0
607 451 0
293 425 0
308 444 0
340 387 0
279 277 0
253 295 0
324 277 0
95 433 0
53 393 0
101 388 0
104 349 0
230 327 0
192 155 0
221 156 0
252 182 2
485 105 0
299 375 0
458 185 9
347 209 9
459 387 9
165 402 9
229 367 9
226 399 0
388 402 0
104 246 0
125 217 2
