548 117 0
577 31 0
507 30 6
538 56 0
448 35 0
400 38 5
316 60 5
612 152 0
421 105 0
420 151 0
459 195 0
470 95 0
340 101 0
400 201 0
370 164 0
448 285 0
383 267 0
515 292 0
250 302 0
251 157 0
118 63 5
201 138 2
177 257 0
96 324 0
332 34 6
22 133 6
170 167 6
191 207 0
95 187 0
78 90 0
287 28 0
266 76 0
213 74 0
202 35 0
117 15 0
60 42 0
26 177 0
145 112 6
68 276 0
159 321 0
181 354 5
55 349 0
38 455 0
67 434 0
15 420 0
113 394 0
122 360 0
52 399 0
138 279 6
21 286 0
283 395 6
245 425 0
361 435 0
330 415 0
402 420 0
448 454 0
524 336 6
537 459 0
342 282 0
300 257 0
421 238 0
503 405 3
210 395 0
371 380 0
406 359 0
442 365 0
