547 11 6
147 455 1
49 429 10
229 187 6
305 246 0
389 190 0
610 231 0
362 306 0
306 304 0
220 364 0
61 195 0
106 327 0
132 360 0
467 377 0
464 342 0
123 207 0
70 471 0
504 430 0
234 408 0
374 397 0
22 388 0
507 372 0
635 358 0
260 349 0
173 331 0
515 302 0
64 294 0
620 267 0
387 266 0
503 259 0
45 248 0
173 243 0
223 237 0
461 222 0
331 216 0
291 204 0
312 176 0
18 174 0
383 150 0
584 145 0
435 144 0
503 135 0
58 130 0
303 131 0
155 130 0
102 126 0
542 120 0
353 110 0
464 85 0
64 86 0
387 82 0
581 32 0
622 22 0
320 8 0
216 11 0
136 10 0
195 44 5
109 54 5
214 285 5
417 256 5
621 162 5
567 335 0
591 292 0
557 272 0
560 220 0
599 350 0
596 397 0
571 428 0
537 460 0
434 297 0
472 302 0
422 332 0
406 378 0
377 340 0
585 73 0
487 47 0
322 42 0
312 77 0
380 12 0
320 343 0
298 370 0
216 318 0
65 387 0
122 252 0
84 167 0
45 45 0
258 8 0
254 50 0
202 101 0
240 108 0
458 456 0
185 470 0
485 18 3
159 39 0
56 10 2
545 154 2
625 101 11
264 275 5
