402 186 8
341 242 8
344 278 8
535 268 8
508 117 8
499 46 8
303 276 7
455 323 0
399 470 3
253 456 3
180 381 3
84 340 3
178 327 3
387 301 3
80 303 3
322 299 3
478 282 3
441 274 3
620 212 3
237 208 3
317 198 3
550 185 8
137 174 3
518 165 3
224 124 3
394 102 3
475 94 8
415 70 3
249 72 3
372 70 3
534 22 3
405 15 3
163 7 3
506 202 3
440 87 3
560 123 3
576 87 3
282 96 3
308 134 3
254 110 3
172 63 3
145 83 3
187 91 3
232 166 3
535 101 3
537 59 3
367 452 3
480 379 9
40 281 3
132 284 3
102 235 3
193 229 3
300 231 3
278 205 3
289 168 3
243 30 3
272 20 3
512 365 3
472 460 3
67 42 3
96 62 7
86 84 7
51 436 8
550 294 8
213 53 8
249 361 3
241 305 3
230 262 3
341 340 3
143 388 3
592 303 3
339 63 3
355 188 3
151 135 3
440 413 8
530 416 7
280 134 8
212 350 3
294 367 3
318 339 3
291 415 3
257 397 3
310 447 3
69 409 3
47 324 3
419 142 3
382 139 3
475 239 3
546 334 3
627 276 3
589 192 3
41 110 3
82 120 3
524 443 3
545 449 3
105 441 8
136 208 8
61 254 8
112 366 0
195 422 6
231 418 6
188 25 3
97 23 3
110 152 3
117 112 3
187 120 3
199 162 3
171 179 3
140 251 3
168 219 3
318 102 3
487 154 3
475 28 3
434 35 3
598 343 3
448 372 3
480 413 3
427 227 2
610 63 2
618 100 3
147 342 3
70 8 3
40 63 3
339 150 3
290 56 3
586 397 3
360 420 3
399 404 3
356 308 3
536 389 3
529 229 3
566 223 3
575 266 3
426 344 3
386 336 3
598 29 3
564 48 3
561 17 3
26 178 3
