209 386 4
175 258 4
141 154 4
45 205 4
45 243 4
47 69 4
489 375 4
565 232 4
376 415 4
228 55 12
600 294 12
93 247 12
221 259 12
400 304 12
376 203 12
319 22 4
115 188 4
202 355 10
417 143 10
432 81 10
518 436 10
517 286 7
262 142 4
224 463 11
398 443 11
567 403 11
517 397 11
620 360 11
290 363 12
258 253 4
124 332 4
353 369 0
295 85 4
80 41 4
92 14 4
472 37 4
589 188 4
479 152 3
478 182 3
450 210 4
492 212 4
109 102 4
216 316 0
241 210 0
308 227 0
219 130 12
199 218 12
322 278 12
277 305 10
518 25 4
533 50 4
