128 128 4
133 452 4
145 392 4
167 340 4
106 350 4
96 309 4
71 195 4
15 177 4
82 90 4
59 30 4
159 169 4
231 144 4
249 274 4
207 274 4
180 316 4
290 351 4
410 191 4
382 46 4
542 102 4
473 37 4
560 55 4
512 236 4
482 284 4
306 255 4
467 76 3
322 420 2
244 435 11
269 174 11
188 64 0
343 110 0
301 123 11
435 83 11
43 347 3
32 106 0
552 407 9
510 407 9
514 55 9
82 445 11
39 457 11
520 146 8
570 293 3
551 212 3
469 411 3
459 453 3
490 358 3
535 332 0
484 152 3
230 87 11
201 229 6
59 407 3
273 395 3
171 27 3
345 52 3
