107 359 3
178 171 3
233 157 3
275 464 3
357 28 3
87 162 4
109 114 4
28 125 4
21 193 4
199 240 4
251 225 4
291 211 4
349 235 4
352 143 4
319 108 4
299 48 4
257 65 4
237 24 4
380 96 4
405 35 4
421 8 4
438 140 4
411 200 4
463 257 4
430 277 4
455 326 4
383 313 4
341 308 4
390 369 4
432 393 4
474 440 4
532 420 4
552 354 4
543 290 4
549 219 4
601 229 4
619 89 4
222 309 4
202 362 4
225 399 4
254 337 4
269 381 4
282 304 4
136 394 4
93 393 4
87 429 4
167 423 4
122 61 4
137 335 3
284 168 3
464 206 4
131 175 4
348 202 4
570 401 4
70 79 7
279 267 7
182 296 0
572 69 9
181 198 9
144 227 9
310 403 3
327 341 4
497 243 3
499 162 3
545 41 3
367 425 3
574 452 3
43 465 4
5 345 4
