247 251 3
98 343 3
76 422 3
266 435 4
207 456 4
126 420 4
111 389 4
29 412 4
243 374 4
239 316 7
462 394 3
541 448 4
510 364 4
518 321 4
480 276 4
482 221 4
555 219 4
601 205 4
341 267 4
306 225 4
289 120 4
202 113 4
158 117 4
94 122 4
82 182 4
53 153 4
10 195 4
44 250 4
58 277 4
100 305 4
163 263 4
190 229 4
133 203 4
224 190 4
352 168 4
332 121 4
387 113 4
389 69 4
429 32 4
436 101 4
442 138 4
482 103 4
485 48 4
520 75 4
550 14 4
537 175 4
594 22 4
98 33 4
50 35 4
70 88 4
187 155 9
222 55 9
182 72 9
270 37 9
521 113 9
136 356 9
310 369 4
171 432 7
290 168 7
523 51 7
543 251 10
172 390 7
339 462 9
357 444 9
521 285 7
450 181 7
490 173 3
357 22 3
572 128 4
515 146 4
608 107 9
296 64 9
156 37 4
