403 240 3
537 62 3
87 435 4
60 398 4
124 360 4
91 333 4
137 296 4
174 278 4
170 233 4
225 251 4
266 341 4
266 273 4
327 294 4
317 240 4
286 211 4
271 173 4
214 174 4
254 112 4
320 91 4
396 105 4
395 152 4
350 169 4
435 170 4
455 208 4
399 307 4
509 321 4
468 357 4
537 249 4
527 187 4
570 107 4
497 51 4
531 18 4
110 17 4
14 39 4
28 188 4
49 232 4
117 153 4
175 144 4
249 59 4
194 361 4
227 381 4
150 428 4
123 398 4
188 456 4
312 356 4
357 438 4
302 448 4
492 426 4
399 425 4
541 347 4
599 363 4
583 239 4
600 203 4
614 298 4
365 383 4
9 360 4
40 116 4
62 136 9
280 86 9
207 302 9
200 420 3
229 452 3
633 54 4
622 22 4
615 117 9
112 106 3
490 390 3
