61 77 4
189 62 4
415 63 4
329 234 4
274 230 4
290 183 4
210 330 4
231 299 4
347 315 4
362 402 4
452 303 4
579 63 4
497 52 4
511 16 4
445 11 4
594 260 4
542 280 4
256 377 3
296 360 3
316 427 3
169 325 3
120 330 3
144 360 3
176 418 7
288 100 3
447 184 11
92 131 11
453 127 4
300 137 4
351 151 4
506 122 4
563 371 6
524 442 3
52 245 4
396 17 4
629 87 4
557 427 4
384 188 0
357 42 0
79 37 3
112 199 9
188 197 9
589 455 9
343 360 4
277 301 4
420 263 0
465 250 4
567 181 9
140 121 11
205 102 11
517 340 7
527 175 6
223 141 11
