31 345 3
39 317 3
183 415 3
192 334 3
232 230 3
251 166 3
263 62 3
249 95 3
216 77 3
84 115 3
41 117 3
68 24 3
360 14 3
128 320 3
201 302 3
283 286 3
267 249 3
373 229 3
351 250 3
432 146 3
400 47 3
331 371 3
366 327 3
395 365 3
426 370 3
369 393 3
495 243 3
557 149 3
596 134 3
601 115 3
622 80 3
526 149 3
545 183 3
547 11 3
79 450 3
183 95 3
302 248 3
360 460 3
545 341 3
532 373 3
275 101 3
287 174 3
302 129 3
575 404 3
366 429 3
399 468 3
177 467 3
8 21 3
213 12 3
59 59 3
137 240 3
166 19 3
57 235 2
195 46 2
32 85 0
133 57 0
110 14 0
140 151 0
160 102 0
182 204 0
141 187 0
250 124 0
262 205 3
304 28 3
348 65 3
381 187 0
405 165 0
571 67 6
539 115 0
397 253 3
434 246 3
148 276 2
186 245 2
222 273 0
182 276 0
80 276 3
110 352 2
102 426 0
137 413 0
345 302 0
605 354 0
29 458 0
291 428 3
384 295 0
434 308 3
320 334 0
474 165 3
582 444 3
464 129 0
482 93 0
515 71 0
506 419 0
539 443 0
475 389 0
479 314 0
329 407 3
268 454 3
306 452 3
25 150 3
259 400 0
