187 426 3
165 452 3
622 307 3
398 352 3
124 290 3
64 171 3
92 152 3
310 28 3
151 44 3
221 18 3
361 165 3
476 200 3
446 157 3
296 217 3
240 98 3
447 68 3
401 68 3
367 49 3
501 27 3
528 62 3
459 333 2
495 292 2
302 308 6
119 72 6
118 20 3
276 50 0
195 64 0
235 58 0
234 133 0
187 258 0
47 298 3
546 429 3
590 391 3
357 463 0
480 450 0
469 387 0
377 391 0
302 389 0
293 356 0
333 357 0
379 330 2
539 120 0
561 76 0
616 107 0
612 153 0
546 200 2
533 241 0
578 280 2
548 313 0
512 407 0
529 373 0
582 186 3
592 242 3
617 213 0
482 243 0
454 286 2
397 207 0
355 227 0
352 276 0
413 399 0
335 64 0
316 100 0
355 124 0
436 8 0
396 8 0
408 265 3
408 233 3
275 259 0
248 217 0
258 460 0
227 362 0
223 324 9
170 337 0
134 399 0
84 347 0
39 339 0
10 373 0
54 397 2
132 458 0
61 463 0
343 318 0
189 383 0
113 357 3
132 205 3
121 177 2
30 163 2
35 122 0
49 73 3
102 100 3
69 122 0
156 231 0
174 180 0
152 150 0
128 122 0
232 180 0
414 176 0
