299 369 3
507 345 3
446 233 3
467 208 3
285 140 3
381 9 3
574 251 3
536 242 3
442 276 3
131 395 3
142 363 3
481 436 3
604 458 3
611 310 3
72 79 3
142 304 3
402 47 3
606 224 3
286 465 3
251 468 3
193 116 3
460 32 3
503 50 2
569 109 2
382 140 3
397 170 3
427 159 3
467 164 3
118 30 2
263 355 3
636 106 3
597 24 2
610 53 0
614 86 2
537 77 0
515 126 2
543 166 0
505 187 2
343 404 0
502 251 0
483 314 0
455 337 0
404 289 0
400 209 0
375 102 0
84 298 0
118 361 2
49 445 2
208 148 2
511 436 2
606 170 0
347 306 0
302 325 0
322 88 2
345 17 0
270 81 0
260 25 0
196 8 2
162 50 0
138 85 2
97 113 2
43 103 0
37 145 0
50 47 3
33 71 3
77 153 0
19 244 0
138 151 0
157 190 2
96 191 3
216 182 0
247 156 2
317 158 9
195 285 2
24 349 0
7 435 0
247 402 0
414 367 0
459 464 2
469 391 0
287 284 3
326 195 0
320 237 0
567 327 0
545 283 3
533 397 0
426 427 0
