147 385 3
87 422 3
70 396 3
58 373 3
207 252 3
248 227 3
203 207 3
140 223 3
97 222 3
112 138 3
57 94 3
32 66 3
346 350 3
319 319 3
158 415 3
20 407 3
23 369 3
28 335 3
33 273 3
32 241 3
99 45 3
65 15 3
140 89 3
179 65 3
216 37 3
275 118 3
414 22 3
466 16 3
377 343 3
180 393 3
296 269 0
393 65 0
298 57 0
459 85 0
491 117 11
66 132 0
152 167 0
198 165 0
152 126 3
156 27 0
272 25 3
350 126 9
504 77 9
614 402 3
627 282 3
565 300 3
504 355 0
480 392 0
589 105 2
627 29 0
587 21 0
580 134 0
527 127 0
313 364 2
237 376 0
238 432 0
274 390 0
427 385 0
396 271 0
396 314 3
434 310 3
458 254 3
454 212 3
572 391 0
158 453 3
134 354 0
97 369 0
100 336 2
193 325 0
21 464 0
556 39 3
545 81 3
608 62 3
616 185 3
594 262 3
550 175 0
496 237 3
540 245 3
524 306 3
549 355 0
587 337 6
537 426 0
574 451 3
341 240 3
94 89 9
39 201 11
88 177 3
64 200 3
167 274 0
303 213 0
321 90 0
378 102 0
433 131 3
469 146 2
441 180 3
326 182 3
361 209 3
247 101 3
260 188 6
256 147 3
