72 447 0
265 423 0
505 126 2
616 116 2
241 381 0
37 387 0
345 245 0
288 306 0
111 147 0
25 89 0
85 232 9
348 295 9
508 77 6
416 105 6
439 425 9
322 368 9
444 175 6
86 44 5
140 217 5
114 323 5
362 119 11
303 158 11
29 240 0
45 202 0
187 117 0
180 239 0
233 230 0
168 160 0
177 62 0
311 88 0
361 75 0
201 195 0
244 103 0
214 79 0
404 139 0
471 39 0
457 80 0
353 184 6
550 122 0
569 161 6
561 220 11
498 202 0
520 234 0
605 240 0
381 309 11
235 310 0
260 265 0
43 330 0
130 413 0
27 436 0
21 121 11
49 296 0
