198 415 3
160 401 3
96 449 3
138 417 3
398 320 3
360 368 3
352 400 3
312 422 3
301 352 3
386 420 3
468 314 3
561 221 3
567 136 3
488 404 3
433 29 3
582 245 3
351 289 3
217 316 3
42 315 3
53 437 3
96 387 3
122 391 3
524 229 3
116 270 3
146 266 3
288 231 7
476 350 3
262 145 3
226 144 3
218 58 3
44 73 3
70 96 3
331 129 3
300 114 3
329 72 3
489 65 3
497 43 3
605 22 3
631 440 3
625 275 3
165 126 3
482 14 3
454 22 3
528 22 3
372 457 3
374 220 9
322 176 9
112 192 6
349 25 0
389 47 2
223 102 0
268 97 0
260 40 2
366 100 3
443 187 2
610 108 0
494 146 0
518 182 2
556 172 0
276 300 2
255 201 0
562 86 0
528 108 0
564 32 0
289 199 3
435 87 0
387 167 0
355 184 2
412 199 0
413 128 3
627 55 3
557 300 0
511 320 0
616 357 0
596 300 3
437 296 3
422 425 0
507 441 0
539 355 3
177 224 0
131 227 0
221 182 2
317 458 0
114 352 0
205 380 2
222 448 0
267 435 3
281 394 3
272 465 3
275 350 0
176 346 0
34 175 0
90 150 2
16 275 0
16 213 0
130 95 3
141 172 0
122 136 3
56 129 3
186 51 3
185 15 3
