75 134 3
75 194 3
109 201 3
257 49 3
472 55 3
430 60 3
553 25 3
583 30 3
537 228 3
328 128 3
329 100 3
229 225 3
278 351 3
320 415 3
286 430 3
70 445 3
66 420 3
96 427 3
106 408 3
27 298 3
132 314 3
51 213 3
23 190 3
485 357 3
570 340 3
543 312 3
497 130 3
434 143 3
460 138 3
243 371 3
101 151 9
28 36 3
43 158 3
351 316 3
320 341 3
488 300 3
465 280 3
139 65 3
236 130 3
242 106 3
420 93 3
448 95 3
130 203 3
302 95 3
266 403 2
189 341 3
437 307 3
499 192 3
445 174 3
618 42 3
518 36 2
550 100 9
499 108 9
185 139 9
510 380 8
353 36 0
458 20 0
392 22 2
382 79 2
373 114 2
360 185 3
410 244 3
460 220 0
432 265 2
585 189 0
543 150 0
580 152 0
630 203 0
630 274 0
608 317 0
577 278 0
570 397 3
559 369 3
536 431 2
536 464 2
335 389 0
370 396 2
357 218 0
289 205 0
618 118 0
600 85 3
632 80 3
615 382 6
112 280 2
27 350 2
55 318 0
91 316 0
96 359 0
57 378 0
35 413 0
39 467 0
195 414 0
244 446 2
161 375 3
223 349 0
189 312 0
215 289 2
204 251 2
396 365 0
263 168 0
302 162 0
224 162 0
142 235 2
107 241 0
173 225 0
152 282 0
260 303 3
349 274 3
446 433 3
169 183 3
241 12 3
273 71 3
283 130 2
295 312 3
383 215 0
39 77 0
88 84 2
92 52 0
120 106 9
160 37 0
116 21 0
191 33 3
210 15 3
