278 354 3
248 375 3
484 352 3
531 230 3
362 175 3
434 138 3
499 131 3
462 132 3
475 54 3
442 50 3
425 85 3
447 97 3
250 45 3
281 80 3
337 88 3
325 128 3
124 309 3
158 273 3
43 162 3
70 127 3
80 194 3
52 199 3
23 195 3
23 292 3
116 197 3
135 197 3
143 70 3
210 13 3
225 221 3
316 425 3
290 432 3
107 402 3
67 443 3
66 411 3
546 307 3
550 21 3
588 27 3
262 400 3
570 336 3
560 375 3
569 393 3
438 307 3
355 312 3
329 332 3
213 292 2
210 247 0
140 233 2
118 276 2
432 266 2
187 138 9
115 150 9
237 135 3
246 110 3
181 341 3
24 44 3
45 74 0
126 101 0
84 87 2
91 54 3
152 39 0
174 189 3
220 167 0
261 163 2
306 159 2
285 127 0
300 197 0
353 218 0
417 238 2
445 175 3
493 186 3
351 39 0
386 72 2
385 25 2
523 35 2
452 24 0
186 310 2
29 343 2
103 245 0
171 219 0
240 448 2
196 412 0
98 430 3
37 417 0
50 375 3
92 313 3
223 347 0
256 306 3
369 397 2
392 360 0
327 387 0
343 275 0
291 322 0
532 433 0
534 461 0
170 375 3
94 362 8
52 315 8
120 459 0
194 459 0
615 37 0
607 82 0
580 150 0
541 148 0
576 189 0
628 199 0
582 277 0
605 316 0
617 275 0
454 432 3
511 382 8
615 382 3
470 224 0
