427 425 9
286 27 9
35 199 7
589 37 9
264 440 3
461 415 6
409 333 6
532 342 6
544 377 6
601 221 6
482 161 6
452 125 6
507 110 6
406 177 6
407 133 6
595 164 6
575 75 6
550 25 6
485 30 6
391 37 6
375 90 6
320 85 6
348 180 6
325 130 6
292 272 6
574 376 6
314 434 6
362 397 6
327 374 6
210 335 6
144 313 6
140 276 6
84 306 6
37 323 7
71 422 9
227 430 0
243 366 0
513 412 0
98 267 0
139 204 3
28 154 6
66 104 6
88 68 6
20 58 6
216 106 6
213 139 6
35 366 6
283 407 6
590 444 3
257 243 3
205 184 0
219 235 0
261 101 0
280 192 9
38 264 6
38 233 6
72 199 6
120 160 6
507 188 6
547 215 6
407 212 6
500 374 6
541 434 6
172 77 6
439 67 6
119 128 6
134 247 6
181 300 6
223 31 6
263 151 6
537 266 6
581 292 6
606 345 6
543 470 6
222 277 6
177 225 0
173 114 0
128 56 0
162 46 6
42 28 6
127 11 6
231 315 6
278 300 6
172 391 6
140 461 6
177 465 6
47 443 6
55 384 6
549 154 6
631 70 6
65 160 0
375 347 0
409 379 0
338 265 0
455 248 0
377 237 0
621 397 0
575 122 0
532 72 6
488 67 6
213 396 0
