159 147 9
357 410 6
388 250 6
260 399 6
242 379 6
272 348 6
241 312 6
226 274 6
293 280 6
275 203 6
572 88 6
536 93 6
507 123 6
480 158 6
445 134 6
518 196 6
616 198 6
525 232 6
451 227 6
454 192 6
450 344 6
429 369 6
383 333 6
430 407 6
482 390 6
501 365 6
609 349 6
551 362 6
609 394 6
173 16 6
171 52 6
187 87 6
157 106 6
125 89 6
217 75 6
250 48 6
214 18 6
333 27 6
288 12 6
217 117 6
229 165 6
198 187 6
70 162 6
8 101 6
39 185 6
30 412 6
30 375 6
339 317 6
353 272 6
343 158 6
297 164 6
393 64 9
324 454 6
298 417 6
361 466 6
274 308 6
189 374 6
158 332 6
220 428 6
532 40 0
475 20 0
384 24 0
468 68 0
420 95 3
617 82 3
548 172 0
586 290 0
130 28 6
73 21 9
48 51 3
37 127 6
142 427 0
183 402 0
77 452 6
124 460 6
152 383 6
413 454 6
493 334 9
605 316 9
150 190 9
24 320 0
77 338 0
113 158 0
97 213 0
150 235 6
152 269 6
237 215 3
81 74 0
90 99 0
15 66 0
27 239 6
9 208 6
84 257 6
89 302 6
70 408 3
28 284 0
550 447 6
625 439 6
588 136 6
292 65 6
312 120 6
350 70 6
124 300 0
197 252 6
352 107 6
392 143 6
414 201 6
362 199 6
437 263 0
598 232 0
476 110 3
262 93 6
273 128 0
219 331 0
336 237 3
298 335 3
422 307 6
570 243 6
542 270 6
626 157 6
505 292 6
296 239 6
