242 437 6
280 411 6
313 429 6
272 454 6
349 424 6
375 392 6
354 355 6
310 360 6
315 388 6
246 382 6
252 341 6
204 374 6
206 412 6
463 440 6
415 448 6
469 387 6
520 381 6
560 403 6
573 344 6
530 329 6
400 350 6
455 350 4
149 393 6
124 359 6
96 390 6
44 400 6
95 440 6
165 458 6
209 338 6
232 306 6
285 320 6
301 282 6
350 269 6
382 308 6
420 293 6
430 257 6
460 296 6
516 281 6
552 260 6
614 285 6
627 322 6
609 409 6
361 202 9
462 160 9
200 280 9
581 260 9
79 341 6
103 317 6
142 324 6
127 291 6
160 288 6
175 252 6
142 232 6
98 253 6
63 270 6
10 335 6
35 239 6
24 174 6
52 136 6
82 188 6
107 158 6
106 219 6
136 192 6
148 165 6
239 256 6
268 232 6
250 191 6
214 207 6
298 245 6
242 161 6
299 185 6
350 229 6
417 192 6
486 240 6
504 206 6
469 186 6
524 146 6
545 199 6
575 213 6
578 186 6
597 110 6
604 151 6
459 112 6
416 98 6
391 79 6
384 130 6
329 107 6
268 127 6
270 97 6
289 59 6
351 67 6
196 120 6
157 107 6
134 74 6
182 69 6
173 26 6
123 20 6
51 23 6
10 47 6
80 87 6
17 81 6
31 105 6
395 41 6
460 47 6
37 207 6
442 216 6
595 73 0
211 162 0
249 69 0
305 148 6
350 166 6
421 154 6
574 22 6
557 53 6
539 105 0
128 132 6
82 15 6
232 112 6
426 65 3
429 15 6
361 14 6
266 27 6
23 434 6
31 468 6
132 432 6
