78 89 6
86 28 6
131 41 6
160 75 6
160 115 6
129 132 6
81 142 6
84 186 6
41 211 6
121 191 6
351 44 6
393 48 6
430 29 6
522 117 6
481 88 8
125 237 0
35 261 6
65 255 6
107 263 6
261 274 6
219 263 6
186 199 6
191 91 0
55 355 6
89 370 6
85 422 6
127 417 6
155 360 6
130 330 6
160 303 6
238 344 6
247 316 6
282 345 6
210 409 6
240 436 6
211 452 6
399 427 6
437 418 6
436 379 6
481 421 6
469 355 6
531 343 6
517 365 6
561 399 6
623 401 6
458 452 6
283 425 9
323 302 0
453 310 0
294 391 6
325 391 6
125 458 6
52 411 6
623 363 6
590 310 6
618 296 6
352 271 6
390 275 6
430 286 6
475 275 6
475 235 6
518 264 6
541 195 6
577 215 6
468 196 6
447 148 6
252 52 9
318 112 6
360 86 6
306 162 6
587 20 6
582 147 6
628 167 6
272 132 6
399 365 9
420 68 9
415 168 6
434 109 6
170 236 6
205 25 6
322 354 6
359 355 6
182 337 6
31 306 9
506 207 6
501 311 6
574 261 0
386 319 0
35 84 0
19 172 6
25 40 6
261 91 0
248 239 6
560 31 6
583 68 6
631 71 6
620 242 6
587 365 6
504 408 6
358 395 6
167 402 6
198 381 6
76 334 6
148 266 0
382 235 6
322 231 6
346 192 0
367 150 0
388 117 6
285 215 0
267 175 0
233 162 0
213 122 6
233 199 6
17 129 6
563 127 6
552 89 0
513 157 0
406 212 6
310 15 6
272 17 6
207 59 9
329 433 0
502 55 0
150 175 6
