521 216 9
49 152 9
310 183 6
268 165 6
203 152 6
218 126 6
234 93 6
182 82 6
156 49 6
123 164 6
87 187 6
116 220 6
51 207 6
76 248 6
150 272 6
112 283 6
389 41 6
362 20 6
323 32 6
354 59 6
416 60 6
395 96 6
370 115 6
320 126 6
379 157 6
460 118 6
552 45 6
485 42 6
579 103 6
597 66 6
608 151 6
571 144 6
595 199 6
564 230 6
518 269 6
468 258 6
430 232 6
485 315 6
496 350 6
459 349 6
538 290 6
614 362 6
501 419 6
464 419 6
435 409 6
429 447 6
367 244 6
331 236 6
220 302 6
263 242 6
286 267 6
256 304 6
287 213 6
124 28 6
27 53 6
23 119 6
49 95 6
57 281 6
155 308 6
130 338 6
155 386 6
264 405 6
255 437 6
290 389 6
218 462 6
187 452 6
142 427 6
188 417 6
150 455 6
102 422 6
535 365 6
426 326 6
410 377 6
373 318 6
371 277 6
317 262 6
318 302 6
161 155 6
209 217 6
132 124 6
259 13 6
250 51 6
267 65 6
220 335 6
178 335 6
546 454 6
620 233 6
580 399 0
373 367 0
346 407 0
387 415 0
397 449 0
614 295 0
588 260 0
487 12 0
200 24 0
207 260 0
249 200 0
165 237 0
282 103 6
270 130 6
421 177 0
480 172 6
465 206 6
118 373 6
99 88 10
84 50 10
535 75 0
502 90 0
453 84 0
515 164 0
415 283 0
92 312 6
47 340 6
90 359 0
77 392 0
53 421 0
18 441 0
15 276 0
317 444 6
491 455 6
531 322 0
624 125 0
622 433 3
345 471 6
