164 90 0
258 77 0
67 40 6
25 63 6
38 103 6
11 137 6
105 55 6
142 27 6
94 12 6
249 26 6
336 18 6
380 16 6
404 45 6
441 104 6
325 69 6
350 112 6
374 130 6
351 170 6
315 155 6
280 142 6
240 122 6
197 125 6
184 165 6
142 146 6
142 185 6
97 140 6
44 166 6
53 205 6
16 197 6
119 220 6
65 250 6
35 277 6
132 263 6
167 258 6
205 213 6
235 241 6
255 277 6
256 330 6
408 167 6
435 185 6
429 241 6
380 258 6
377 214 6
334 211 6
326 253 6
388 290 6
389 326 6
406 354 6
427 376 6
468 393 6
487 322 6
448 337 6
525 300 6
522 232 6
556 18 6
601 19 6
531 42 6
502 115 6
584 100 6
611 173 6
561 261 6
598 386 6
628 377 6
637 349 6
427 461 6
462 439 6
416 423 6
191 406 6
345 420 6
84 451 6
107 430 6
103 402 6
45 430 6
29 382 6
38 316 6
187 46 0
294 16 0
451 7 10
451 36 10
496 57 0
483 85 0
405 89 0
619 432 6
252 423 6
524 367 6
541 440 6
503 454 6
626 87 0
145 457 0
221 446 6
119 105 10
120 315 6
384 406 0
495 419 0
492 15 10
557 86 6
557 132 6
572 168 6
525 156 6
555 207 6
584 238 6
497 211 6
478 268 6
482 153 6
452 293 6
562 300 6
605 308 6
586 346 6
585 465 6
237 197 6
191 279 6
215 314 6
226 397 6
295 445 6
330 294 6
127 384 6
76 309 0
158 345 0
94 353 0
294 394 0
339 360 0
313 322 6
285 235 6
252 468 2
