242 434 8
10 87 0
78 98 0
77 155 0
15 159 0
37 191 0
124 108 0
131 64 0
167 52 0
193 22 0
199 72 0
207 112 0
220 151 0
245 55 0
277 41 0
294 94 0
322 45 0
350 51 0
331 98 0
357 17 0
412 16 0
432 60 0
391 91 0
423 108 0
468 65 0
454 122 0
496 66 0
491 30 0
555 10 0
580 53 0
598 69 0
629 32 0
602 111 0
589 151 0
510 126 0
473 158 0
469 199 0
431 162 0
424 206 0
578 294 0
493 250 0
443 246 0
455 288 0
409 264 0
378 229 0
381 181 0
341 212 0
257 192 0
206 204 0
181 181 0
132 202 0
154 233 0
197 267 0
260 237 0
236 277 0
310 245 0
352 270 0
43 225 0
37 310 0
121 280 0
124 326 0
31 347 0
40 392 0
343 320 0
410 367 0
498 379 0
545 422 0
589 427 0
611 456 0
467 417 0
352 387 0
372 425 0
325 352 0
276 357 0
306 390 0
266 326 0
217 312 0
189 340 0
174 304 0
160 351 0
136 387 0
133 425 0
175 404 0
207 377 0
256 385 0
282 419 0
197 442 0
24 426 0
93 457 0
317 433 0
282 459 0
351 460 0
46 59 0
22 32 0
89 47 0
166 120 0
301 279 0
552 335 0
529 281 0
587 249 0
555 177 0
549 99 0
490 345 0
440 337 0
507 225 0
315 151 0
355 134 0
541 381 0
582 375 0
440 385 0
257 134 0
285 170 0
302 204 0
412 316 0
240 99 11
373 309 0
107 153 0
147 155 0
