170 409 4
85 391 4
214 376 4
213 345 4
252 393 4
325 406 4
299 444 4
392 411 4
424 363 4
454 331 4
462 373 4
382 367 4
217 234 4
20 207 4
14 431 4
98 431 4
80 337 4
280 170 4
237 182 4
154 195 4
122 214 4
90 133 4
203 105 4
175 69 4
334 117 4
367 89 4
324 58 4
367 29 4
248 87 4
261 53 4
413 111 4
405 72 4
416 38 4
500 79 4
461 107 4
503 120 4
549 112 4
602 111 4
593 138 4
338 207 4
458 287 4
338 263 4
623 189 4
610 161 4
342 385 4
233 136 10
503 35 3
166 352 10
433 232 4
415 194 4
458 139 4
567 64 4
507 286 10
429 254 4
428 289 4
395 289 4
260 310 4
266 360 4
62 95 12
132 57 10
290 104 10
438 78 10
532 55 10
32 265 4
167 249 12
112 163 12
203 177 10
77 302 12
133 378 12
162 381 10
454 194 12
178 139 4
175 165 4
188 25 4
235 2 4
145 28 4
150 3 4
467 16 4
556 15 6
438 435 4
296 15 12
343 170 2
375 172 12
268 239 4
260 274 10
484 168 12
264 426 10
215 435 10
242 464 10
301 293 10
354 299 2
580 192 10
537 167 4
517 241 4
612 274 4
589 379 4
87 10 4
500 408 4
523 335 10
477 447 4
550 383 4
566 277 3
556 223 4
548 195 12
569 245 2
592 10 4
336 9 4
89 64 4
298 368 2
