569 188 4
211 338 4
75 371 8
44 432 8
166 95 8
195 411 3
20 25 0
28 58 0
63 16 0
94 33 0
160 36 0
132 75 0
96 113 0
62 117 0
42 93 0
42 152 0
45 182 0
113 167 0
84 190 0
32 211 0
137 131 3
165 184 0
230 151 0
249 106 0
222 75 0
262 45 0
290 97 0
312 65 0
315 34 0
370 37 0
411 27 0
418 71 0
450 24 0
450 79 0
505 37 0
490 97 0
513 10 0
591 21 0
573 101 0
614 110 0
572 143 0
510 150 0
491 122 0
462 164 0
440 113 0
395 215 0
474 205 0
543 233 0
517 265 0
345 249 0
345 294 0
303 260 0
305 310 0
266 290 0
237 306 0
215 270 0
269 232 0
201 235 0
132 223 0
94 265 0
60 272 0
37 312 0
67 337 0
102 308 0
112 356 0
148 287 0
172 326 0
227 359 0
230 413 0
272 404 0
307 392 0
307 348 0
395 364 0
402 316 0
467 303 0
472 352 0
489 317 0
537 299 0
533 360 0
576 369 0
620 381 0
600 342 0
627 312 0
626 270 0
621 232 0
553 417 0
504 421 0
479 382 0
424 386 0
447 416 0
462 455 0
406 437 0
381 415 0
572 446 0
320 446 0
271 441 0
162 420 11
150 381 0
121 434 0
105 458 0
82 409 0
176 460 0
270 179 0
343 197 0
331 160 0
345 125 0
545 55 11
237 208 0
196 200 0
403 181 0
534 199 0
396 261 0
