128 128 0
370 310 6
50 287 8
70 225 8
14 272 9
573 39 4
209 184 4
46 454 0
42 367 0
16 330 0
50 331 0
91 328 0
80 375 0
122 362 0
145 330 11
173 309 0
207 337 0
240 335 0
182 374 0
224 377 0
267 362 0
273 402 0
312 386 0
347 380 0
386 399 0
385 354 0
410 330 0
443 335 0
417 290 0
472 305 0
450 370 0
495 382 0
505 325 0
477 413 0
552 387 0
548 338 0
590 360 0
575 405 0
617 402 0
606 328 0
570 303 0
297 335 0
320 300 0
268 286 0
105 295 0
126 272 0
173 260 0
152 221 0
206 257 0
232 255 0
227 216 0
272 242 0
312 237 0
317 195 0
357 200 0
395 214 0
439 232 0
386 268 0
487 233 0
457 266 0
512 263 0
553 268 0
17 198 0
37 162 0
75 183 0
114 197 0
100 155 0
67 122 0
94 113 0
121 73 0
35 79 0
44 31 0
94 40 0
120 15 0
160 26 0
200 42 0
205 84 0
176 104 0
224 116 0
263 86 0
231 48 0
272 32 0
270 143 0
239 158 0
171 169 0
316 152 0
362 138 0
351 93 0
286 117 0
330 54 0
412 170 0
462 152 0
511 173 0
549 148 0
518 108 0
558 80 0
481 100 0
444 109 0
477 57 0
400 65 0
400 108 0
413 20 0
367 13 0
325 15 0
472 15 0
527 16 0
540 53 0
631 70 0
622 131 0
631 169 0
602 188 0
614 231 0
573 224 0
526 204 0
482 200 0
