338 159 6
587 118 6
33 286 4
82 310 4
252 366 4
281 274 4
557 377 4
550 267 9
31 49 0
70 53 0
138 44 0
92 89 0
53 105 0
50 145 0
97 164 0
157 165 0
196 138 0
165 65 0
170 17 0
210 47 0
245 25 0
275 112 0
240 104 11
236 151 0
256 61 0
302 74 0
285 25 0
341 92 0
306 136 0
365 112 0
377 74 0
392 29 0
352 12 0
452 42 0
455 12 0
465 77 0
394 144 0
445 163 0
467 126 0
501 162 0
502 200 0
555 182 0
596 160 0
556 125 0
514 109 0
530 71 0
504 50 0
536 27 0
583 32 0
601 60 0
574 89 0
636 116 0
600 200 0
626 217 0
569 240 0
487 231 0
413 216 0
359 185 0
314 203 0
317 238 0
366 227 0
375 262 0
278 161 0
232 187 0
276 231 0
223 217 0
191 197 0
158 234 0
115 216 0
46 199 0
31 245 0
87 265 0
125 269 0
150 307 0
234 303 0
223 261 0
282 324 0
319 304 0
336 282 0
333 332 0
397 313 0
405 287 0
452 317 0
451 275 0
499 280 0
494 322 0
560 318 0
531 348 0
594 334 0
612 371 0
590 296 0
621 303 0
445 357 0
486 379 0
495 350 0
535 413 0
583 417 0
618 447 0
570 453 0
493 445 0
447 437 0
405 450 0
367 444 0
364 394 0
394 360 0
362 350 0
322 392 0
295 363 0
280 424 0
273 397 0
331 444 0
246 424 0
226 458 0
183 423 0
219 344 0
147 349 0
114 345 0
59 350 0
40 375 0
110 380 0
96 413 0
18 445 0
56 457 0
96 469 0
106 10 0
179 112 6
14 12 11
327 50 11
175 387 11
449 406 0
402 415 0
134 115 11
