31 294 4
81 311 4
278 268 4
252 367 4
557 371 4
339 158 6
590 115 6
543 265 9
33 55 0
52 105 0
77 48 0
95 94 0
41 148 0
101 159 6
130 115 11
164 63 0
130 42 0
120 20 0
167 14 0
213 37 0
242 31 11
262 66 0
291 27 0
322 40 0
297 83 0
278 119 0
343 88 0
383 71 0
388 29 0
364 117 0
392 140 0
181 112 0
197 156 0
152 178 0
197 201 0
245 144 0
243 178 0
289 164 0
230 224 0
152 238 0
111 222 0
41 205 0
26 252 0
89 264 0
130 265 0
230 259 0
278 221 0
320 209 0
321 242 0
376 192 0
446 162 0
468 123 0
459 72 0
456 44 0
514 52 0
541 30 0
526 83 0
580 31 0
608 75 0
557 94 0
551 126 0
513 116 0
627 110 0
583 168 0
550 192 0
610 196 0
634 218 0
566 237 0
474 227 0
492 190 0
495 160 0
417 219 0
371 233 0
371 265 0
330 283 0
314 306 0
331 322 0
274 329 0
232 306 0
217 346 0
152 340 0
149 298 0
105 339 0
54 351 0
41 382 0
112 385 0
92 422 0
170 377 11
188 410 0
240 422 0
283 422 0
327 390 0
277 396 0
293 361 0
222 456 0
334 450 0
370 437 0
361 390 0
363 349 0
395 359 0
394 318 0
412 283 0
454 275 0
443 328 0
501 316 0
499 277 0
497 350 0
489 385 0
400 409 0
452 397 0
453 438 0
411 440 0
8 440 0
54 462 0
500 456 0
540 418 0
582 420 0
577 452 0
603 360 0
589 329 0
554 311 0
524 346 0
601 294 0
623 300 0
306 138 0
237 104 11
442 365 11
