140 266 4
471 427 5
26 100 0
69 72 0
41 132 0
121 93 0
107 65 0
162 41 0
188 65 0
217 8 0
240 42 0
219 100 0
162 107 0
144 142 0
191 145 0
254 138 0
195 177 0
242 172 0
299 144 0
292 101 0
339 117 0
333 69 0
372 16 0
295 15 0
293 40 0
411 44 0
439 14 0
451 70 0
458 102 0
368 101 0
377 136 0
420 148 0
419 170 0
459 154 0
489 125 0
525 93 0
500 57 0
550 51 0
500 21 0
544 25 0
579 66 0
580 100 0
625 110 0
554 130 0
515 147 0
505 184 0
549 180 0
607 167 0
598 204 0
633 213 0
581 251 0
540 229 0
458 219 0
475 260 0
422 262 0
401 230 0
366 261 6
353 210 0
331 162 0
279 206 0
302 243 0
252 236 0
218 211 0
190 239 0
165 212 0
115 220 0
77 187 0
35 173 0
55 233 0
21 220 11
47 268 0
100 267 0
23 298 0
65 327 0
118 311 0
97 337 0
160 297 0
190 289 0
228 282 0
197 327 0
159 348 0
205 367 0
247 345 0
264 302 0
296 288 0
342 278 0
335 318 0
294 357 0
385 292 0
361 343 0
384 356 0
435 309 0
458 340 0
450 375 0
489 337 0
526 280 0
527 320 0
590 292 0
590 319 0
571 350 0
546 354 0
628 298 0
593 391 0
540 397 0
575 442 0
55 372 0
7 405 0
20 445 0
65 439 0
82 406 0
102 372 0
138 396 0
146 431 0
119 464 0
82 450 0
215 440 0
203 409 2
250 391 0
248 422 0
281 383 0
322 399 0
283 435 0
267 460 0
335 441 0
360 434 0
409 444 0
456 449 0
406 401 0
442 418 0
609 452 0
620 432 0
488 307 0
103 162 0
