302 238 9
200 354 4
541 243 4
32 35 0
40 60 0
4 77 0
90 33 0
114 60 0
155 47 0
137 91 0
193 52 0
197 1 0
229 24 0
217 81 0
266 59 0
292 15 0
22 119 0
46 147 0
106 148 0
43 175 0
47 231 0
100 198 0
137 161 0
144 201 0
114 244 0
166 126 0
192 103 0
183 172 0
217 132 0
243 109 0
324 132 0
320 95 0
368 120 0
345 68 0
396 35 0
376 90 0
406 105 0
421 68 0
448 62 0
448 27 0
494 14 0
529 12 0
497 66 0
483 96 0
530 52 0
572 60 0
601 20 0
626 54 0
584 92 0
598 135 0
519 168 0
509 120 0
457 149 0
394 159 0
438 212 0
511 216 0
554 195 0
590 178 0
580 220 0
624 240 0
631 270 0
567 276 0
545 296 0
503 285 0
459 271 0
449 302 0
432 244 0
364 274 0
367 231 0
353 195 0
345 166 0
302 204 0
259 213 0
215 249 0
268 250 0
234 287 0
266 298 0
320 272 0
343 299 0
319 329 0
280 335 0
396 322 0
417 302 0
406 348 0
458 341 0
431 381 0
475 383 0
507 359 0
487 318 0
538 347 0
573 326 0
610 326 0
600 360 0
575 397 0
620 398 0
526 386 0
524 430 0
40 297 0
75 277 0
43 337 0
45 365 0
120 283 0
137 330 0
188 304 0
162 368 0
142 403 0
158 439 0
119 448 0
57 430 0
12 407 0
204 446 0
240 422 0
290 399 0
317 361 0
236 342 0
328 405 0
367 365 0
361 416 0
373 449 0
410 447 0
444 425 0
278 464 0
484 449 7
430 130 0
138 19 11
284 165 6
