515 303 8
32 33 0
75 43 0
136 16 0
132 67 0
92 90 0
50 119 0
49 149 0
110 122 0
97 169 0
51 196 0
125 195 0
150 160 0
203 162 0
171 195 0
242 154 0
230 118 0
242 77 0
275 67 0
261 15 0
218 38 0
194 74 3
176 25 0
319 33 0
331 67 0
358 26 0
396 12 0
390 50 0
359 89 0
300 95 0
302 132 0
390 117 0
442 61 0
470 29 0
434 12 0
517 8 0
560 30 0
551 77 0
517 86 0
566 107 0
608 65 0
620 4 0
635 110 0
613 153 0
518 129 0
476 167 0
420 162 0
429 203 0
380 193 0
345 190 2
298 180 0
115 230 0
62 245 0
69 279 0
141 258 0
128 297 0
197 276 0
177 306 0
28 337 0
64 323 0
105 329 0
126 370 0
148 336 0
75 386 0
30 377 0
117 400 0
79 431 0
102 455 0
165 444 0
185 395 0
194 368 0
213 325 0
252 326 0
251 367 0
216 395 0
204 434 0
252 409 0
324 422 0
296 424 0
318 455 0
339 380 0
387 410 0
359 453 0
307 317 3
430 422 0
405 453 0
470 410 3
359 315 0
364 258 0
335 237 0
387 233 0
270 212 0
475 234 0
509 230 0
492 276 0
436 278 0
408 271 4
397 328 0
367 353 0
322 350 0
414 368 0
472 323 0
438 317 0
462 370 0
514 342 0
562 317 0
585 280 0
531 255 0
612 312 0
584 352 0
535 390 0
581 400 0
547 435 0
634 389 0
605 425 0
476 453 0
511 441 5
343 154 0
513 52 5
422 97 0
254 461 11
