437 426 8
363 447 8
322 442 8
330 200 9
310 82 6
24 417 6
612 79 9
397 382 4
326 231 3
101 172 4
157 9 4
125 405 4
163 434 4
113 309 4
399 101 9
298 134 8
353 336 8
11 42 4
36 256 8
67 23 8
143 62 8
275 25 8
162 115 8
118 90 8
452 160 8
521 286 8
507 315 8
364 166 3
274 462 3
570 133 2
118 144 2
537 437 11
492 442 3
215 318 6
62 174 11
132 23 2
310 355 11
62 443 3
63 58 0
37 97 0
87 115 0
206 120 0
171 155 0
155 191 0
63 217 0
82 270 0
123 233 0
89 341 0
21 353 0
267 218 0
275 86 0
235 30 0
181 37 0
492 130 0
449 115 3
406 261 0
375 285 0
327 304 0
444 349 0
616 288 0
596 228 0
553 205 0
512 214 0
576 49 0
523 63 0
482 30 0
431 57 0
390 42 0
332 132 0
364 224 0
221 380 0
260 354 0
340 397 0
393 423 0
537 401 0
562 370 0
564 254 0
528 345 0
222 456 0
351 91 8
239 411 8
521 107 0
