127 370 8
134 445 8
185 462 8
312 432 8
456 365 8
625 312 8
569 242 8
83 148 8
460 110 8
117 215 8
217 249 8
533 423 8
448 418 8
294 110 3
77 92 3
264 49 9
373 46 9
408 76 9
69 262 4
36 155 11
299 155 11
342 136 11
252 321 4
87 182 11
630 402 8
360 268 11
294 345 9
183 432 3
390 196 11
142 73 2
179 14 2
48 342 6
337 404 6
582 167 2
600 138 0
610 44 8
234 95 0
187 64 0
200 132 0
140 17 0
128 163 0
47 190 0
57 115 0
81 220 0
113 275 0
152 281 0
195 222 0
195 305 0
75 308 0
70 381 0
94 413 0
263 170 0
267 212 0
256 277 0
353 178 0
426 159 0
420 32 0
316 30 0
339 64 0
367 16 0
353 103 0
387 89 0
166 109 0
146 144 0
104 127 0
471 75 0
537 37 0
483 39 0
456 17 0
571 77 0
575 28 0
618 85 0
509 146 0
479 188 2
441 205 0
521 190 0
415 324 0
437 282 0
464 328 0
500 287 0
527 324 0
588 296 0
545 284 0
477 256 0
507 227 0
562 191 0
616 190 0
612 349 0
418 444 0
225 389 0
252 362 0
156 326 0
164 371 0
176 411 0
228 460 0
240 426 0
304 399 0
335 308 0
353 350 0
306 265 0
401 369 0
376 411 0
499 395 0
551 379 0
372 458 0
24 39 0
551 106 0
552 142 0
