225 68 4
245 29 4
71 57 12
108 87 4
16 45 4
44 75 4
143 55 4
178 32 4
139 17 4
259 49 3
283 76 12
72 157 4
50 229 4
88 203 4
126 173 4
162 158 4
154 127 4
209 127 4
203 191 4
20 196 4
258 195 4
168 273 4
57 296 4
47 347 4
77 353 4
132 318 4
224 328 4
258 271 4
294 233 4
345 197 4
213 290 4
275 368 4
175 440 4
115 430 4
219 448 4
272 446 4
349 453 4
365 374 4
302 399 4
268 332 4
340 316 4
342 136 4
379 132 4
338 47 4
376 15 4
284 17 4
422 76 4
385 70 4
471 66 4
486 166 4
418 142 4
440 161 4
407 183 4
530 162 4
613 117 4
558 56 4
612 227 4
628 192 4
494 218 4
515 345 4
472 357 4
443 339 4
456 452 4
415 318 10
319 300 10
240 235 10
307 171 10
153 199 10
91 397 10
303 442 10
522 125 10
387 232 12
125 235 12
376 317 12
596 34 4
409 420 4
585 459 4
596 159 10
562 204 10
566 241 10
530 225 10
86 258 10
497 451 12
342 253 12
330 267 12
96 304 12
413 460 12
366 175 12
24 105 12
15 164 2
45 15 10
177 405 12
112 367 4
23 370 10
22 327 2
415 387 4
444 395 4
468 385 4
492 285 0
432 226 12
486 112 4
464 134 10
235 165 4
512 12 4
517 63 3
159 381 3
169 318 0
182 360 4
509 247 4
591 270 4
604 379 12
581 424 12
535 412 4
257 415 12
274 144 11
25 141 4
541 100 12
310 359 12
