420 325 4
397 426 8
377 317 8
351 268 8
385 238 4
561 341 8
460 319 8
532 239 8
438 79 8
144 337 8
47 434 8
112 146 8
539 298 11
552 199 4
497 114 4
59 33 8
210 329 8
606 130 8
256 64 8
148 172 8
497 305 6
560 82 0
219 73 0
71 87 0
88 436 0
196 406 6
411 392 0
183 286 0
31 170 11
22 66 0
27 110 0
183 44 0
187 90 0
118 104 11
80 130 0
110 193 11
257 124 3
312 61 0
298 23 0
349 18 0
419 12 0
489 61 0
435 47 0
535 32 0
589 34 0
632 49 0
317 163 0
335 120 0
240 189 0
441 213 0
380 197 0
282 232 0
295 270 0
311 307 0
59 374 0
85 305 0
460 273 0
492 259 0
624 205 0
577 261 0
539 167 0
501 200 8
572 163 8
367 112 0
352 372 8
359 417 0
479 361 0
522 382 0
564 413 0
595 389 0
228 384 0
299 345 0
235 294 0
261 336 0
126 436 0
144 395 0
142 284 0
292 467 11
