143 385 6
571 197 6
221 355 4
195 427 4
215 35 4
50 162 4
514 349 4
564 260 4
228 98 4
495 111 9
429 27 9
187 107 9
110 156 9
32 458 9
341 460 4
340 361 9
283 357 8
605 287 8
577 42 8
489 154 8
530 151 3
590 143 4
403 87 6
384 181 4
70 120 3
114 75 3
314 87 8
240 143 0
216 237 0
362 430 2
37 94 0
73 77 0
77 35 0
146 93 0
146 129 0
59 210 0
90 255 0
28 280 0
154 225 0
171 197 0
184 152 0
197 78 0
260 69 0
273 99 0
322 26 0
375 50 0
362 108 0
269 168 0
235 188 0
112 195 3
36 352 0
82 401 0
106 365 0
94 330 0
130 288 0
166 306 0
165 358 0
219 273 0
242 302 6
259 383 0
303 306 0
295 270 0
337 258 0
361 221 0
317 222 0
421 222 0
450 258 0
412 303 0
453 322 0
369 321 0
437 367 0
458 401 0
385 397 8
529 440 0
548 372 0
576 336 0
514 400 3
513 228 0
516 186 0
410 152 0
424 110 0
456 135 0
550 75 0
512 39 0
518 95 0
465 57 0
625 160 0
610 246 0
612 379 0
622 412 0
590 454 0
611 199 3
