255 320 4
78 259 4
532 423 9
140 447 8
125 370 8
180 464 8
184 430 8
308 440 8
448 364 8
450 420 8
615 407 8
566 247 8
121 202 8
214 249 8
175 60 8
74 152 8
456 112 8
597 45 8
328 137 11
305 160 11
42 342 6
32 150 4
90 184 11
353 266 2
395 197 2
479 189 2
515 187 0
296 120 3
84 93 3
581 161 0
557 192 0
603 189 0
608 128 0
560 103 0
555 140 0
505 149 0
573 67 0
630 83 0
442 282 0
472 253 0
507 220 0
478 327 0
422 318 0
500 290 0
530 318 0
588 302 0
549 283 8
406 367 0
384 402 0
379 448 0
545 377 0
416 440 0
444 195 0
296 352 9
162 366 0
138 72 0
173 12 2
64 387 0
95 407 0
72 309 0
105 283 0
146 283 0
203 301 0
196 223 0
80 217 0
47 193 0
53 122 0
135 15 0
20 38 0
161 110 0
141 136 0
126 167 0
200 131 0
230 91 0
313 29 0
329 61 0
409 85 9
369 45 9
367 14 0
414 30 0
467 21 0
493 30 0
479 78 0
534 39 0
371 92 0
349 103 0
353 175 0
256 168 0
266 213 0
332 309 0
309 266 0
250 280 0
159 325 0
172 402 0
227 391 0
250 361 0
251 420 0
235 457 0
307 391 0
337 407 0
348 351 0
501 397 0
608 354 0
624 319 0
426 164 0
