466 278 6
268 276 6
215 373 4
598 402 4
147 445 8
90 407 8
86 213 8
146 210 8
111 172 8
49 67 8
36 41 8
166 52 8
209 17 8
384 80 8
435 25 8
631 77 8
318 209 8
344 250 8
232 258 8
355 437 8
353 375 8
443 393 8
403 449 8
536 391 8
552 342 8
584 308 8
493 470 11
610 435 11
467 322 11
46 438 8
39 260 8
302 31 9
41 345 11
236 185 2
185 320 0
382 24 0
367 62 6
491 393 2
100 19 0
148 22 0
116 66 0
74 101 0
61 132 0
23 187 0
72 177 0
125 112 0
197 90 0
160 155 0
244 97 0
250 128 0
356 121 0
322 80 0
318 145 0
320 172 0
206 216 0
145 263 0
185 276 0
77 284 0
126 310 0
149 380 0
240 330 0
295 322 0
183 402 0
238 421 0
260 455 0
296 371 6
388 290 0
368 335 0
433 244 0
385 235 0
351 204 0
440 196 0
431 102 0
437 147 0
499 82 0
483 116 0
552 90 0
575 133 11
487 44 6
517 173 0
507 221 0
568 200 11
546 238 0
608 233 0
603 275 0
527 310 0
530 278 0
507 365 0
388 399 0
323 404 0
270 220 0
46 399 2
287 79 0
