99 308 6
14 335 6
594 185 9
17 150 9
367 215 6
208 235 4
412 287 8
329 162 8
367 105 8
236 68 8
415 29 8
520 18 8
20 45 8
285 187 8
31 267 8
608 406 8
549 320 8
492 440 8
536 463 8
553 440 9
580 379 3
93 415 8
142 392 8
175 365 8
203 332 8
185 295 8
172 262 8
210 409 8
475 175 8
594 88 8
91 123 8
73 383 11
90 241 8
135 240 8
134 194 8
330 86 0
306 404 2
370 340 0
463 302 0
532 297 0
547 278 0
393 172 0
209 155 11
180 128 0
26 385 2
51 12 0
65 59 0
134 87 0
175 71 0
296 94 0
247 118 0
266 150 0
235 199 0
201 193 0
173 210 0
274 238 0
278 285 0
74 347 0
62 314 0
241 314 0
374 260 0
379 298 0
339 336 11
411 345 11
287 366 0
252 425 0
294 446 0
356 442 0
340 386 0
458 370 0
441 408 0
390 426 0
395 450 0
444 230 0
458 115 0
395 135 0
612 48 0
584 122 0
543 89 0
355 36 0
323 17 0
516 189 0
489 288 0
549 227 0
616 246 0
630 276 0
595 336 0
557 364 2
522 422 0
493 95 0
455 38 0
401 64 0
566 57 0
491 148 0
540 140 0
135 304 0
152 340 0
328 203 0
