402 426 8
380 325 8
465 312 8
509 195 8
527 230 8
626 130 8
567 337 8
148 172 8
68 29 8
436 75 8
349 262 8
145 320 8
259 113 3
421 325 4
397 241 4
560 194 4
506 115 4
217 325 8
30 155 8
562 85 3
371 101 3
333 106 3
316 159 3
247 183 3
379 192 3
286 232 3
430 218 3
532 161 3
573 157 9
575 128 3
536 296 11
434 114 11
217 62 2
66 80 0
262 67 8
192 410 0
88 436 0
412 392 0
360 415 0
491 349 0
485 398 0
521 380 0
576 260 0
488 258 0
456 277 0
500 302 6
622 206 0
603 22 0
536 14 0
478 56 0
436 39 0
412 6 0
355 21 0
305 22 0
318 65 0
177 48 0
120 100 0
77 137 0
31 99 0
13 65 0
123 143 0
108 191 0
78 314 0
141 288 0
182 284 0
51 381 0
255 343 0
289 268 0
310 347 0
317 298 0
232 383 0
293 462 0
241 297 0
184 95 0
560 407 0
601 384 0
352 377 0
