602 282 8
112 152 8
574 35 8
381 393 8
403 83 6
567 196 6
145 388 6
183 107 9
428 32 9
500 118 9
212 36 4
51 158 4
220 359 4
192 423 4
512 345 4
77 402 0
111 371 0
165 310 0
161 358 0
103 325 0
120 288 11
68 114 3
36 345 3
242 309 6
280 350 8
365 439 0
342 463 4
432 356 0
459 395 0
516 404 3
441 451 3
523 439 0
554 375 0
574 340 0
613 388 0
630 411 0
600 455 0
370 322 0
412 300 0
461 316 0
448 262 0
562 262 4
380 178 4
223 275 0
215 232 0
35 272 0
85 247 0
150 229 0
180 192 0
59 213 0
100 191 3
224 191 0
270 168 0
238 143 2
189 147 0
139 129 0
37 88 0
77 70 0
76 30 0
115 72 2
147 89 0
228 101 0
269 100 0
199 82 0
262 66 0
315 82 6
316 24 6
367 109 0
372 61 0
537 154 3
555 119 3
516 186 0
525 227 0
293 267 0
317 223 0
337 257 0
361 226 0
429 222 0
304 310 0
456 137 4
420 114 0
414 145 0
553 70 0
511 92 0
512 44 0
625 161 0
614 193 0
609 238 0
487 154 0
