429 424 4
268 451 4
279 179 4
250 111 4
72 14 4
23 162 4
160 57 1
156 130 1
205 76 1
296 62 0
304 133 1
369 25 1
410 63 0
227 176 0
179 221 1
116 260 1
130 285 1
533 68 1
593 69 0
460 141 1
282 340 1
339 314 1
156 454 6
588 363 1
557 201 1
507 422 1
21 335 1
41 399 0
58 357 0
100 332 1
276 253 4
249 297 0
339 265 0
248 391 0
305 411 0
217 462 0
377 424 0
530 324 0
615 257 0
425 291 3
389 262 1
443 217 1
367 200 0
407 158 0
487 95 0
566 156 0
610 205 1
465 336 1
477 385 0
575 291 0
629 162 0
556 410 0
