150 39 4
94 34 4
177 79 4
150 157 4
217 201 4
197 253 4
287 189 4
312 219 4
449 25 4
387 37 4
360 16 4
446 88 4
523 65 4
552 20 4
557 96 4
608 107 4
600 53 4
631 52 4
587 175 4
535 200 4
406 128 4
429 218 4
314 164 4
138 198 4
95 221 4
28 266 4
77 298 4
116 275 4
145 282 4
198 297 4
169 335 4
142 357 4
115 326 4
235 326 4
210 353 4
249 383 4
258 297 4
264 251 4
291 305 4
323 334 4
357 306 4
133 459 3
626 350 3
361 427 4
384 405 4
352 377 4
306 456 4
430 364 4
458 326 4
520 322 4
165 392 4
262 77 12
387 265 12
313 268 12
498 87 10
147 114 10
78 81 10
76 182 10
221 278 10
355 255 10
429 431 10
95 440 3
105 401 3
224 22 12
27 65 12
31 186 10
432 277 10
359 128 10
612 244 10
628 205 12
43 231 0
378 86 4
355 68 4
113 11 3
389 462 10
270 18 4
32 151 8
49 36 12
213 66 0
304 120 4
175 212 2
177 432 4
207 445 4
72 128 12
450 164 10
453 132 2
254 185 3
525 243 0
532 132 10
26 350 4
37 300 10
43 330 4
503 424 4
528 387 3
555 373 12
596 402 4
587 363 4
573 310 4
565 272 4
622 320 12
634 412 12
633 264 4
546 166 0
483 324 4
468 425 4
416 328 12
420 177 4
156 6 4
290 340 3
457 244 2
477 216 2
