433 332 4
561 88 4
477 195 4
61 383 4
540 333 4
348 467 4
255 367 3
446 451 4
189 428 4
178 362 4
308 35 4
292 147 1
537 38 1
457 63 0
482 106 1
498 155 4
555 160 0
625 123 1
597 185 4
428 125 1
381 90 1
359 29 1
383 162 0
330 188 0
250 190 1
265 265 1
334 227 1
55 443 3
139 401 3
36 150 3
165 100 1
179 53 0
252 30 6
203 138 0
58 73 4
108 75 0
92 138 3
132 111 3
80 184 0
34 274 0
210 223 3
104 321 1
205 315 1
253 314 1
181 274 0
120 275 0
293 397 0
340 413 1
337 355 0
349 312 0
394 392 3
495 389 3
565 294 1
442 286 0
499 288 0
539 257 0
