593 21 3
468 29 4
408 40 0
366 22 0
326 92 0
377 103 1
426 89 0
450 138 4
497 115 0
372 161 1
527 192 4
596 172 3
589 212 3
497 233 0
541 252 1
502 290 0
436 229 4
368 372 4
105 355 4
102 296 4
55 387 4
465 402 1
537 393 0
589 349 0
541 434 0
483 464 0
592 423 0
338 417 0
294 345 0
302 279 0
252 251 0
322 219 0
368 241 0
315 144 0
142 122 1
155 75 1
50 440 1
154 318 6
197 420 4
188 379 1
124 394 0
191 237 0
254 180 0
187 180 0
225 140 0
159 29 0
107 20 0
62 215 0
41 170 0
95 138 0
50 282 0
20 334 0
127 243 0
