369 429 4
332 430 4
320 292 4
391 323 4
427 461 4
439 422 4
458 385 4
437 370 4
471 444 4
502 411 4
547 432 4
537 379 4
550 352 4
599 359 4
617 270 4
458 318 4
425 303 4
502 309 4
447 242 4
416 225 4
373 233 4
438 170 4
60 375 4
12 455 4
50 330 4
28 311 4
45 262 4
89 281 4
118 323 4
123 245 4
172 232 4
242 217 4
270 167 4
296 198 4
308 233 4
254 251 4
250 284 4
194 320 4
402 126 4
345 97 4
264 126 4
225 82 4
183 82 4
193 130 4
126 140 4
120 178 4
86 122 4
46 91 4
35 132 4
47 70 4
65 27 4
247 24 4
430 24 4
432 52 4
475 80 4
427 98 4
445 139 4
594 54 4
598 104 4
358 285 4
359 325 4
552 125 4
555 17 4
116 70 3
155 115 3
232 119 3
369 67 3
356 129 9
553 86 3
475 186 3
357 382 3
128 288 3
424 340 3
420 277 0
298 99 3
378 191 3
146 352 3
175 37 4
151 15 4
100 14 3
211 160 11
100 217 11
15 204 11
65 223 11
164 278 11
223 288 11
172 417 11
511 172 4
487 165 4
514 129 11
450 213 11
480 244 4
630 184 4
629 235 4
268 431 4
458 41 0
486 16 4
207 27 0
180 357 0
533 242 1
553 299 4
574 255 2
122 384 3
85 456 2
284 410 3
254 397 0
212 377 0
331 467 4
222 464 4
315 53 4
631 398 4
627 434 4
617 320 4
306 337 11
