117 411 5
100 352 5
34 357 5
66 284 5
136 329 5
112 280 5
140 245 5
31 249 5
76 205 5
24 207 5
27 159 5
66 82 5
93 111 5
131 102 5
157 77 5
202 85 5
221 274 5
206 173 5
166 154 5
358 140 5
366 89 5
429 103 5
386 204 5
345 185 5
435 234 5
488 210 5
450 166 5
409 400 5
373 460 5
314 341 5
397 349 5
314 285 5
266 258 5
279 379 5
290 432 5
538 143 5
550 101 5
546 63 5
487 128 5
514 82 5
608 169 5
623 316 5
591 367 5
561 442 5
467 338 5
130 202 5
275 318 0
240 212 6
227 129 0
38 127 5
200 426 11
543 236 11
227 350 0
