327 450 5
351 399 5
392 402 5
203 429 5
534 355 5
540 397 5
507 428 5
109 446 5
205 322 5
139 202 5
180 215 5
325 215 5
278 104 5
58 139 5
330 30 5
368 67 5
411 12 5
502 89 5
494 185 5
554 154 5
491 135 5
588 236 5
592 340 5
294 349 5
90 154 9
298 37 3
431 360 6
57 296 4
191 49 4
243 401 5
298 393 5
322 310 5
330 167 5
52 342 5
25 379 5
21 17 5
112 14 5
162 166 5
305 258 5
341 273 5
380 247 5
374 292 5
426 276 5
521 239 4
606 91 5
612 145 5
213 175 11
248 136 4
434 182 0
569 201 11
612 420 5
543 300 5
156 400 5
116 366 5
77 192 5
172 358 5
118 304 5
