275 442 5
370 454 5
439 453 5
480 427 5
510 379 5
542 305 5
380 229 5
210 55 5
37 237 5
40 68 5
585 47 5
590 14 5
436 69 5
519 45 5
361 135 5
292 114 5
246 112 5
213 180 5
141 235 7
462 355 5
479 204 5
363 417 5
235 420 11
47 452 5
87 406 5
132 448 5
100 211 5
180 147 5
262 193 5
218 225 5
399 195 5
419 161 5
401 53 5
255 69 5
196 16 5
629 105 5
509 232 5
397 277 5
355 270 5
310 143 5
173 259 11
256 289 5
223 331 5
315 251 5
361 310 5
433 310 5
548 93 5
158 36 5
111 41 11
17 131 5
98 151 0
53 112 0
150 89 5
101 104 5
194 97 5
73 260 0
276 247 0
307 385 0
347 380 0
400 383 0
427 256 0
485 312 0
175 349 0
121 355 0
120 308 0
337 195 5
586 95 0
615 42 0
613 144 0
555 200 0
521 170 0
491 122 0
597 181 5
475 77 5
448 110 5
403 102 0
318 325 0
285 345 0
40 370 11
168 302 0
420 347 0
543 353 5
446 412 10
495 269 2
607 290 0
524 276 0
574 273 5
513 423 0
588 392 0
603 338 0
576 333 0
550 427 0
593 445 0
475 389 0
170 457 6
