197 53 4
57 295 4
424 363 6
329 444 5
346 382 5
204 427 5
540 347 5
595 336 5
515 237 5
571 194 5
548 150 5
610 22 5
509 85 5
368 68 5
420 9 5
343 26 5
295 34 3
59 139 5
187 219 5
272 108 5
27 12 5
110 3 5
26 376 5
47 340 5
301 344 5
242 399 5
300 398 5
394 396 5
612 420 5
537 395 5
583 238 5
416 455 3
155 458 6
465 57 0
498 38 0
545 57 0
616 136 0
609 93 0
436 180 0
393 112 0
423 222 11
327 210 5
326 171 5
426 278 5
375 288 5
310 250 5
318 306 5
209 320 5
159 395 5
499 135 5
248 144 4
92 155 9
135 39 0
119 70 0
18 57 0
142 203 5
157 163 5
108 445 5
342 272 5
373 244 5
509 427 11
359 343 0
86 188 0
98 260 0
173 277 0
115 302 5
197 100 0
538 299 5
485 182 5
266 457 5
119 365 5
171 357 5
92 396 0
25 452 0
242 230 0
216 256 0
274 245 0
278 422 0
207 166 11
