158 440 0
212 430 0
235 395 0
148 396 0
90 367 0
141 307 0
434 224 8
460 337 6
536 433 6
219 232 6
570 160 6
475 436 6
35 441 0
39 324 0
17 275 0
91 231 0
42 212 0
10 188 0
35 138 0
33 83 0
31 19 0
90 34 0
76 68 0
86 101 0
106 119 0
121 162 0
152 117 0
141 89 0
170 12 0
193 26 0
240 28 0
259 55 0
272 14 0
245 85 0
231 126 0
248 163 0
205 168 0
162 161 0
148 199 0
159 247 0
111 275 0
285 184 6
296 142 0
337 89 0
343 67 0
365 32 0
402 39 0
434 75 0
442 21 0
485 60 0
485 87 0
554 59 0
588 39 0
595 89 0
627 55 0
612 172 0
475 130 6
438 142 0
403 179 0
374 95 0
311 205 0
219 279 0
208 313 0
254 308 0
343 266 0
336 312 0
414 277 0
427 246 0
472 266 0
500 203 0
496 260 0
529 254 0
549 213 0
542 188 0
584 228 0
612 218 0
619 255 0
618 296 0
559 320 0
497 321 0
427 349 0
446 369 0
390 381 0
331 377 0
274 455 0
316 462 0
198 466 0
479 393 0
517 400 0
534 356 0
573 386 6
586 430 0
508 459 0
587 351 0
610 334 0
635 330 0
103 464 0
9 403 0
422 444 6
309 55 2
414 320 0
520 142 6
67 278 6
381 302 0
276 267 0
310 421 6
619 394 0
128 362 0
160 58 0
186 210 0
243 241 0
350 190 0
364 229 0
611 136 0
351 346 0
199 367 6
176 335 0
