120 79 3
377 85 3
131 301 3
552 100 3
69 39 4
56 72 4
48 107 4
37 137 4
95 124 4
124 151 4
125 193 4
46 276 4
95 295 4
244 223 4
221 182 4
199 144 4
232 89 4
193 91 4
183 51 4
253 37 4
324 61 4
344 106 4
361 134 9
385 432 4
341 437 4
400 342 4
322 313 4
307 244 4
302 209 4
443 180 4
454 140 4
444 103 4
407 133 4
445 64 4
430 28 4
602 116 4
548 392 4
509 417 4
549 439 4
462 399 4
441 430 4
480 451 4
466 332 4
507 317 4
435 320 4
450 260 4
381 234 4
121 329 4
62 383 4
63 339 4
38 329 4
267 262 4
570 30 4
487 16 4
478 101 4
622 281 4
618 321 4
610 366 4
167 291 11
177 426 11
201 334 4
302 356 0
364 302 4
423 240 4
369 335 4
270 140 4
226 292 11
464 45 0
161 121 3
428 291 0
154 358 3
122 390 3
432 350 3
355 389 3
233 137 3
306 107 3
476 197 3
213 39 0
550 140 4
519 180 4
494 172 4
517 134 4
380 202 3
248 407 0
185 370 0
215 386 0
264 447 4
290 417 3
593 70 4
107 222 11
127 266 4
185 239 4
450 219 11
272 180 7
9 215 11
