364 430 5
379 326 5
316 371 5
152 262 5
123 219 5
70 307 5
9 333 5
229 212 5
316 137 5
265 111 5
184 94 5
238 27 5
388 146 5
415 129 5
341 57 5
367 90 5
547 183 5
618 179 5
595 87 5
637 85 5
562 14 5
546 69 5
562 239 5
530 270 5
418 247 5
365 234 5
347 187 5
279 180 5
289 455 5
250 453 5
45 408 5
426 453 5
574 327 5
531 140 5
486 138 5
446 420 5
500 432 5
520 385 5
225 412 5
507 18 0
464 21 0
424 64 0
592 124 0
451 172 0
476 282 0
435 314 5
268 325 5
402 403 5
205 343 5
240 285 11
310 241 11
367 368 11
622 313 5
481 353 5
174 184 0
160 128 0
220 127 0
41 132 0
77 21 0
49 33 0
47 84 0
51 190 0
20 229 0
99 187 0
70 270 0
67 237 0
112 340 0
59 449 0
81 427 0
127 445 0
151 299 9
475 226 5
355 284 5
