270 427 5
241 400 5
214 312 5
274 329 5
363 367 5
385 294 5
294 231 5
265 140 5
264 191 5
390 186 5
355 120 5
160 222 5
54 282 5
95 270 5
60 368 5
106 368 5
55 425 5
100 452 5
415 110 5
393 69 5
330 78 5
283 85 5
244 96 5
184 87 5
110 73 5
82 117 5
139 115 5
180 158 5
27 153 5
70 166 5
17 193 5
242 229 5
301 284 5
207 265 4
426 451 5
503 211 5
480 112 5
553 33 5
422 50 5
521 72 5
587 84 5
559 276 5
595 305 5
596 376 5
628 402 5
315 24 5
350 44 5
307 168 5
83 233 5
462 215 5
597 174 0
584 238 0
547 218 0
471 260 0
426 288 0
524 132 6
422 192 6
94 22 0
132 189 0
225 162 6
309 394 6
467 50 0
199 10 0
207 56 0
47 244 0
199 200 0
127 288 0
181 299 0
139 385 0
16 365 0
337 437 0
375 432 0
442 409 0
410 355 0
402 326 0
348 217 0
383 255 5
482 353 5
517 388 5
549 324 0
497 322 0
612 343 0
519 430 0
478 437 0
549 442 9
512 175 0
541 170 0
209 119 4
