94 433 5
46 397 5
56 357 5
269 199 5
532 183 0
559 215 0
492 251 0
557 44 6
433 7 0
295 66 0
258 18 0
244 67 0
492 26 5
510 84 5
447 146 5
417 111 5
426 57 5
390 162 5
437 197 5
405 220 5
334 212 5
371 248 5
418 260 5
227 246 5
218 343 5
193 374 5
310 375 5
332 332 5
337 293 5
404 332 5
400 397 5
368 451 5
454 442 5
472 409 5
497 374 5
500 340 5
485 305 5
521 324 5
578 292 5
604 233 5
614 338 5
587 383 5
569 436 5
514 460 5
487 128 5
544 118 5
359 76 5
341 36 5
200 87 5
104 101 5
182 25 5
39 8 5
36 89 5
111 156 5
41 259 5
44 310 5
292 247 5
289 156 5
262 131 5
203 181 5
169 130 5
60 214 9
115 345 5
66 37 6
509 424 6
546 381 0
266 330 5
211 302 5
141 212 5
110 231 0
155 89 5
19 147 5
19 51 5
165 422 0
243 402 0
292 436 0
363 375 0
