105 103 3
90 375 6
52 232 0
612 339 2
602 75 5
570 177 5
613 148 5
499 85 5
503 53 5
475 27 5
436 25 5
377 32 5
354 91 5
377 149 5
435 132 5
482 170 5
408 217 5
369 274 5
442 272 5
292 217 5
277 182 6
236 79 5
266 20 5
145 76 5
162 30 5
310 84 5
315 138 5
186 263 5
158 306 5
88 316 5
47 280 5
217 343 5
204 384 5
161 362 5
251 328 5
287 260 5
222 198 5
236 156 5
349 337 5
405 318 5
319 338 5
300 385 5
246 390 5
327 409 5
365 375 5
436 415 5
537 407 5
359 446 5
301 449 5
200 432 5
583 318 5
579 230 5
595 272 5
507 227 5
578 366 5
582 418 5
624 385 5
212 30 0
137 268 0
112 146 11
207 300 0
313 297 0
334 183 0
412 91 0
518 128 0
559 101 0
529 289 0
465 221 0
503 456 0
582 465 0
72 443 0
126 448 0
157 456 0
7 227 11
21 144 11
50 32 0
111 7 0
68 72 5
12 59 5
10 436 5
