23 382 5
44 348 5
69 302 5
215 446 5
207 390 5
215 345 5
365 319 5
351 382 5
428 189 5
371 142 4
259 426 5
77 402 5
180 295 5
200 250 5
197 194 5
195 150 5
389 361 5
408 452 5
474 370 5
486 262 5
592 285 5
557 234 5
513 202 5
516 369 5
571 445 5
514 110 0
578 85 0
477 14 0
419 63 0
531 35 0
376 69 5
504 151 0
430 122 0
543 130 0
605 244 5
328 285 5
281 237 5
227 282 5
277 328 5
430 347 0
49 443 5
176 417 0
110 434 0
114 174 0
34 184 0
97 32 0
312 71 0
265 21 0
344 7 0
264 115 0
213 79 5
237 182 5
250 369 5
378 222 5
118 257 5
286 122 5
470 308 0
525 330 0
602 362 0
577 395 0
626 422 5
479 434 5
383 423 5
557 175 0
581 210 0
331 235 0
395 30 4
65 63 4
20 224 0
15 67 0
