260 420 5
308 425 5
353 455 5
407 430 5
430 369 5
475 349 5
519 391 5
537 440 5
619 407 5
554 259 5
468 257 5
505 239 5
524 174 5
587 199 5
317 168 5
335 289 5
266 229 5
98 247 4
34 436 5
12 393 5
163 261 5
148 308 5
83 171 5
25 156 5
185 112 5
435 152 5
448 61 5
391 43 5
456 113 5
451 17 4
563 27 5
369 320 5
233 317 5
324 249 5
124 171 5
188 48 5
132 405 5
178 417 5
215 438 5
219 78 5
43 123 11
232 271 0
80 299 5
174 339 6
283 382 0
218 358 0
311 336 5
357 363 0
390 386 11
368 209 5
210 176 0
257 128 0
80 32 5
26 74 5
67 73 5
373 102 0
146 218 11
28 300 0
413 238 11
399 294 0
504 79 0
548 85 5
495 211 5
478 444 0
596 72 11
