21 407 5
61 391 5
40 333 3
37 358 3
146 427 5
147 348 5
154 287 5
207 276 5
185 322 5
155 245 5
193 215 5
243 247 5
167 193 5
43 284 5
86 249 5
255 458 5
340 423 5
335 382 5
409 305 5
387 430 5
441 342 6
482 430 5
519 456 5
546 253 5
511 140 5
457 178 5
383 196 5
248 200 5
260 276 6
565 399 5
539 356 5
408 241 5
450 222 5
91 112 5
168 69 5
126 75 5
296 98 5
262 63 5
414 95 5
406 130 4
611 454 5
604 255 5
553 185 5
523 45 5
173 110 5
262 150 5
313 141 6
578 39 11
476 63 0
549 126 0
575 87 0
326 175 0
349 83 0
434 46 0
225 47 0
215 10 0
109 27 0
141 144 5
41 188 0
78 200 6
101 338 0
66 432 11
217 431 0
236 391 0
248 331 5
326 304 5
410 384 0
376 362 0
314 338 0
487 350 5
510 305 5
445 282 11
501 236 0
