270 434 5
112 380 5
87 418 5
46 458 5
170 374 5
152 300 5
97 260 5
30 212 5
236 120 5
258 165 5
309 77 5
335 187 5
310 123 5
373 140 5
402 95 5
394 58 5
515 60 5
447 67 5
569 81 5
577 274 5
600 375 5
468 306 5
436 335 5
387 412 5
346 380 5
298 273 5
262 389 5
266 347 5
347 345 5
416 384 5
543 35 5
614 77 5
345 42 5
265 18 5
195 40 5
178 113 4
130 219 4
17 360 5
229 458 5
193 467 5
589 174 5
573 216 5
621 334 5
205 251 5
72 44 0
235 80 0
101 144 0
175 196 0
215 167 0
20 402 0
58 375 0
191 325 0
124 445 11
325 306 0
338 450 0
427 155 0
532 110 0
513 386 0
553 399 0
47 174 11
504 164 5
467 214 5
116 330 0
