396 451 5
343 423 5
340 362 5
491 372 5
490 285 5
383 328 5
422 315 5
534 351 5
542 280 5
586 223 5
584 160 5
557 107 5
509 147 5
475 118 5
520 95 5
479 53 5
441 85 5
142 350 9
163 207 5
198 183 5
180 115 5
208 68 5
314 66 5
299 133 5
374 48 5
128 37 5
620 65 5
372 255 5
361 226 5
201 351 5
501 408 5
588 324 2
30 441 11
512 188 0
55 131 0
98 56 11
257 42 11
278 256 0
457 404 11
106 118 3
128 101 3
221 315 0
30 285 0
511 25 5
230 387 5
201 440 5
39 325 5
155 256 5
164 298 5
338 15 5
604 395 5
410 399 5
451 358 5
72 428 0
156 416 11
110 390 5
280 332 5
530 438 5
621 169 5
410 230 11
417 42 5
108 164 0
407 156 0
