181 355 5
178 400 5
195 312 5
291 295 5
256 389 5
257 341 5
381 383 5
335 370 5
465 367 5
489 338 5
529 363 5
479 285 5
371 200 5
382 130 5
398 172 5
465 164 5
103 95 5
215 133 5
233 87 5
133 324 5
63 140 5
92 184 5
68 42 5
106 25 5
239 15 5
400 440 5
262 451 5
577 458 5
169 277 5
179 26 5
432 17 5
21 59 5
142 242 5
627 148 5
543 68 5
556 100 5
506 88 5
524 142 5
525 233 5
368 257 5
317 269 5
290 416 5
56 347 5
223 430 5
82 234 0
68 405 0
136 427 0
98 464 0
548 190 0
580 359 0
32 213 0
266 114 0
479 35 11
613 184 11
471 219 11
179 155 5
136 191 4
335 61 4
228 234 0
307 145 5
373 89 11
582 154 0
592 308 0
324 223 0
444 197 5
