223 87 3
502 261 3
470 219 3
580 263 3
481 436 3
298 362 9
315 432 9
104 436 3
130 355 4
112 388 4
90 335 4
59 348 4
163 256 4
193 326 4
157 370 4
202 376 4
270 427 4
247 374 4
255 335 4
294 314 4
263 274 4
226 284 4
189 220 4
108 224 4
72 200 4
51 275 4
124 154 4
59 128 4
144 107 4
36 90 4
62 65 4
126 47 4
215 50 4
272 29 4
232 12 4
399 401 4
480 393 4
434 437 4
522 377 4
547 458 4
566 430 4
604 426 4
611 397 4
587 357 4
562 309 4
541 278 4
549 228 4
590 229 4
620 263 4
625 306 4
605 170 4
556 124 4
578 87 4
257 192 4
286 147 4
252 128 4
284 80 4
355 93 4
310 211 4
347 237 4
385 269 4
431 257 4
416 166 4
470 287 4
465 327 4
379 34 4
402 63 4
610 26 4
629 105 4
362 353 6
45 427 11
513 420 11
162 415 11
312 405 4
223 434 4
342 449 4
389 459 4
462 462 4
519 185 4
180 128 9
88 153 4
9 212 4
6 250 4
136 456 4
174 50 11
448 157 3
456 362 4
421 367 4
395 245 4
399 219 4
472 105 4
443 117 11
560 174 6
150 24 9
80 20 9
122 296 10
24 306 10
