404 16 5
459 20 5
447 85 5
400 82 5
351 104 5
322 40 5
196 45 5
85 139 5
62 38 5
96 13 5
71 86 5
112 101 5
159 130 5
234 152 5
209 129 5
315 183 5
283 155 5
119 199 5
55 257 5
14 239 5
493 48 5
563 42 5
448 360 4
555 87 4
560 5 4
446 209 4
446 131 4
118 365 5
95 441 5
272 323 5
241 403 5
258 364 5
346 389 5
300 432 5
376 348 5
382 306 5
369 262 5
470 318 5
604 288 5
627 366 5
590 340 5
562 205 5
538 169 5
521 130 5
475 166 5
243 11 5
265 277 0
370 221 0
339 138 0
426 454 0
427 407 0
57 412 12
452 266 5
266 103 5
217 452 0
359 40 0
144 21 12
141 67 12
482 97 0
137 259 0
54 305 12
87 332 5
308 370 5
534 250 12
608 195 12
613 20 12
158 407 0
47 207 5
45 144 5
268 45 5
325 292 5
225 244 5
360 441 5
