423 411 5
395 443 5
442 450 5
319 377 5
290 345 5
342 308 5
305 261 5
169 261 5
129 276 5
100 312 5
100 242 5
181 191 5
122 203 5
45 204 5
31 163 5
201 171 5
235 257 5
201 228 5
162 395 5
13 440 5
63 410 5
429 329 5
469 289 5
387 225 5
332 163 5
312 108 5
284 69 5
197 69 5
138 60 5
399 79 5
372 174 5
511 240 5
555 99 5
547 42 5
492 27 5
621 99 5
586 219 5
613 251 5
617 299 5
570 314 5
486 357 5
522 304 5
507 435 11
494 201 6
513 153 5
487 122 5
495 74 5
364 30 5
301 35 5
90 45 5
112 25 5
221 116 5
280 182 5
424 116 5
407 160 5
55 292 0
166 138 11
338 211 11
564 142 6
360 389 6
391 347 11
268 229 6
233 195 11
375 127 11
413 264 5
207 425 11
