385 440 5
413 432 5
352 387 5
324 233 5
391 223 5
368 195 5
201 237 5
234 204 5
135 166 5
17 55 5
37 21 5
70 59 5
152 35 5
195 70 5
229 50 5
261 82 5
378 78 5
418 18 5
52 340 5
49 293 5
59 161 5
128 230 5
139 288 5
55 385 5
163 430 5
234 396 5
417 385 5
445 355 5
430 308 5
430 257 5
520 263 5
431 185 5
530 152 5
533 91 5
594 62 5
628 100 5
605 277 5
567 347 5
527 430 5
502 349 5
321 188 11
135 367 11
80 266 11
185 296 5
355 334 6
122 114 11
558 399 0
569 150 5
417 65 11
254 129 0
327 56 0
304 415 5
454 137 0
540 54 11
370 140 11
387 297 11
284 32 0
468 286 5
477 238 11
530 219 5
61 435 3
