120 248 3
566 137 3
570 109 3
56 206 12
91 437 5
58 380 5
34 333 5
12 442 5
137 425 5
107 390 5
165 395 5
223 385 5
252 422 5
135 297 5
36 258 5
35 118 5
100 130 5
353 322 5
293 220 5
242 250 5
275 168 5
317 116 5
349 138 5
400 135 5
375 176 5
377 220 5
387 93 5
413 55 5
367 22 5
466 54 5
489 20 5
533 63 5
587 20 5
617 80 5
442 107 5
514 138 5
572 216 5
622 229 5
618 328 5
459 415 5
463 362 5
438 339 5
464 277 5
473 456 5
505 405 5
540 362 5
210 135 5
160 44 5
197 336 5
243 350 5
275 383 5
355 269 6
391 352 12
485 200 12
581 338 12
75 287 12
84 85 12
77 168 12
234 184 12
311 287 12
236 318 12
375 452 12
200 89 0
134 81 0
483 248 0
398 413 5
605 384 5
