202 423 5
195 332 5
145 337 5
85 423 5
25 313 5
251 327 5
304 331 5
355 290 5
450 379 5
437 432 5
561 316 5
597 281 5
541 216 5
559 252 5
404 233 5
376 176 5
295 85 5
305 36 5
357 18 5
405 49 5
440 67 5
457 14 5
504 28 5
40 19 5
90 38 5
58 142 5
95 160 5
77 209 5
33 206 5
167 110 5
345 143 5
343 217 5
336 412 5
285 433 5
581 40 4
276 285 0
284 196 0
217 87 0
155 19 0
372 332 0
395 139 11
400 89 5
605 160 5
526 159 5
21 387 5
55 362 5
101 373 5
251 377 3
28 60 5
177 159 5
345 366 0
298 387 0
135 427 0
420 344 5
142 297 11
310 254 0
390 290 11
590 368 5
520 285 5
492 325 5
132 180 0
224 158 0
538 75 11
579 116 5
619 84 3
76 309 0
378 398 5
229 209 5
193 242 6
501 442 5
