114 420 0
547 172 11
345 174 11
131 461 5
181 447 5
158 385 5
233 427 5
265 397 5
238 353 5
335 371 5
314 253 5
140 127 5
134 61 5
111 14 5
198 32 5
15 144 5
205 197 5
361 126 5
402 140 5
494 87 5
357 78 5
347 24 5
446 89 5
562 82 5
511 48 5
590 137 5
430 195 5
399 303 11
393 437 5
609 330 5
577 281 5
254 294 5
305 204 5
32 237 5
271 127 0
125 168 5
89 187 5
438 34 5
541 19 5
597 50 5
300 152 5
54 347 5
192 90 5
410 257 5
395 22 5
415 369 5
73 244 0
520 205 0
347 286 0
367 340 0
153 270 0
196 312 0
219 262 11
241 92 0
89 87 5
506 152 0
285 365 0
