128 128 0
257 413 3
81 116 3
97 87 3
354 229 9
416 198 9
546 31 3
191 430 11
45 277 5
130 347 5
51 363 5
204 382 5
171 333 5
162 286 5
177 211 5
197 263 5
274 183 5
266 231 5
323 408 5
327 352 5
410 391 5
452 365 5
438 305 5
381 349 5
502 355 5
528 277 5
491 444 5
517 411 5
485 115 5
530 123 5
408 155 5
299 20 5
624 43 5
403 237 5
578 125 5
628 93 4
505 11 6
619 408 5
110 185 0
72 314 0
23 38 11
448 93 0
450 36 0
471 229 0
143 392 0
398 435 0
226 336 11
225 215 11
161 466 11
254 47 11
312 91 11
284 326 5
605 223 5
343 56 5
362 99 5
406 106 5
484 64 5
566 165 0
235 296 0
312 291 5
472 182 0
