191 454 11
28 443 5
79 405 5
103 442 5
95 354 5
47 342 5
45 391 5
202 379 5
420 433 5
335 423 5
472 415 5
475 375 5
520 460 5
260 361 5
191 266 5
94 230 5
211 178 5
207 218 5
247 209 5
395 177 5
353 379 5
473 249 5
479 176 5
511 121 5
443 107 5
66 55 5
71 120 5
373 41 5
375 100 5
285 117 5
181 113 5
633 258 5
603 191 5
562 180 5
583 129 5
309 356 5
391 233 5
296 157 5
177 32 5
334 295 5
576 275 11
541 363 11
566 403 11
417 273 11
354 150 0
537 95 0
482 46 0
439 50 5
580 21 5
515 214 11
450 324 5
375 310 0
237 299 0
127 274 0
29 270 0
143 427 0
557 318 6
322 26 11
609 306 11
111 39 0
274 31 0
290 292 4
245 450 4
147 74 0
34 93 11
