52 445 5
66 406 5
66 367 5
275 451 5
317 448 5
335 392 5
341 338 5
383 352 5
411 316 5
390 276 5
332 250 5
272 290 5
218 350 5
153 308 5
85 220 5
137 185 5
210 217 5
232 167 5
239 247 5
293 373 5
37 152 5
387 187 5
288 193 6
435 415 5
487 409 5
525 381 5
530 416 5
565 390 5
500 270 5
545 279 5
611 203 5
585 328 5
582 363 5
175 451 5
210 57 5
217 17 5
170 56 5
112 11 5
301 91 5
299 39 5
353 81 5
410 150 5
458 159 5
472 179 5
479 118 5
420 53 5
457 83 11
162 411 0
269 336 6
532 173 5
267 148 5
379 395 11
118 343 11
72 40 0
306 286 0
562 141 0
317 166 0
65 257 6
200 300 5
175 229 5
542 62 5
557 239 5
371 130 0
105 160 0
493 75 5
592 293 5
173 99 0
