305 216 3
271 454 4
232 442 4
223 400 4
172 397 4
296 419 4
343 377 4
357 329 4
300 326 4
152 353 4
106 349 4
60 371 4
107 396 4
100 441 4
70 322 4
35 307 4
63 237 4
23 244 4
156 225 4
180 267 4
272 252 4
390 289 4
417 326 4
420 395 4
455 443 4
491 402 4
334 442 4
390 460 4
543 381 4
534 301 4
499 280 4
458 314 4
424 259 4
361 236 4
397 209 4
460 250 4
482 241 4
531 235 4
562 265 4
615 292 4
604 363 4
208 176 4
160 181 4
252 176 4
278 150 4
260 123 4
325 115 4
382 152 4
396 111 4
362 184 4
422 170 4
532 105 4
548 143 4
572 185 4
493 202 4
605 142 4
584 58 4
542 23 4
466 66 4
307 41 4
312 81 4
225 54 4
158 72 4
142 112 4
115 85 4
115 43 4
80 49 4
40 65 4
73 185 4
114 160 4
251 352 4
157 26 4
315 23 7
448 194 9
436 36 9
39 132 11
390 18 11
362 79 11
174 303 11
87 270 11
477 108 4
358 420 11
430 97 2
77 146 9
90 116 2
390 380 9
229 251 9
65 90 9
152 446 0
292 380 3
133 263 3
228 315 3
210 362 0
307 166 0
588 107 9
555 68 9
450 143 9
485 166 3
582 299 9
445 350 9
281 290 9
28 182 9
187 114 10
512 344 11
628 60 4
