141 70 5
310 48 5
254 57 5
207 115 5
83 150 5
47 118 5
21 152 5
136 156 5
106 211 5
149 237 5
65 267 5
138 280 5
11 306 5
130 339 5
145 405 5
122 442 5
197 232 5
211 196 5
237 149 5
283 156 5
247 221 5
251 305 5
289 336 5
336 320 5
379 130 5
343 90 5
398 174 5
391 37 5
397 83 5
458 44 5
445 70 5
482 101 5
437 136 5
442 242 9
576 18 5
580 59 5
580 119 5
527 15 5
549 160 5
586 180 5
625 154 5
618 103 5
430 360 5
362 454 5
230 415 5
350 281 5
384 326 5
399 279 5
433 305 5
487 350 5
544 278 5
591 314 3
34 346 3
186 319 0
553 412 6
535 80 11
84 87 0
503 49 0
172 43 3
287 272 5
488 184 5
305 377 5
187 433 5
225 450 11
476 407 0
498 262 0
531 222 0
319 155 0
376 362 11
356 409 11
55 317 0
142 116 0
235 19 0
139 202 5
