570 20 5
536 57 5
499 78 5
492 44 5
568 86 5
453 105 5
461 146 5
415 152 5
415 90 5
350 41 5
373 12 5
307 88 5
361 131 5
340 177 5
233 130 5
86 68 5
64 23 5
256 22 5
211 11 5
164 125 5
200 161 5
199 261 5
220 347 5
262 318 5
387 311 5
398 270 5
434 225 5
432 315 5
576 277 5
509 216 5
474 250 5
354 370 5
265 466 5
58 461 5
25 417 5
74 415 5
47 299 5
161 287 5
188 318 4
301 149 4
470 456 5
515 453 5
526 379 5
460 396 5
625 260 5
217 64 5
105 115 5
97 377 5
14 453 5
128 405 5
107 440 5
260 434 5
213 410 5
300 434 5
595 178 5
562 173 5
397 46 5
465 190 0
112 292 0
62 267 0
435 429 0
343 437 0
444 355 0
476 294 0
267 88 5
367 76 5
