485 166 5
373 334 5
343 87 5
328 135 5
343 253 5
226 244 5
57 229 5
8 243 5
45 109 5
128 47 5
5 82 5
605 212 5
587 167 5
508 368 5
604 310 5
547 391 5
418 420 5
50 427 5
272 163 5
125 175 6
569 336 5
385 251 5
455 115 5
270 10 5
86 342 0
26 326 0
172 340 0
214 414 0
373 380 0
427 262 0
520 208 0
427 174 0
382 160 0
373 201 0
450 15 6
571 17 0
529 31 0
612 40 0
592 265 0
565 288 0
520 255 0
487 233 0
445 219 0
512 300 0
454 326 0
413 307 0
324 361 11
448 460 0
482 434 0
182 65 4
23 191 0
27 19 0
301 43 0
361 10 0
298 102 0
280 270 5
217 371 5
331 456 4
379 451 0
436 381 5
422 83 0
410 27 0
336 47 0
240 133 0
132 108 0
184 103 0
85 128 5
93 196 0
113 297 4
259 218 0
340 308 5
190 32 0
622 369 0
