526 79 3
192 197 4
150 30 5
111 47 5
90 89 5
142 204 5
107 237 5
72 277 5
29 286 5
136 113 5
137 150 5
279 59 5
433 40 5
472 67 5
440 105 5
522 164 5
446 207 5
597 150 5
615 96 5
624 48 5
599 202 5
550 304 5
375 367 5
357 409 5
332 446 5
194 430 5
61 447 5
33 407 5
233 342 5
219 300 5
185 264 5
292 200 5
242 182 5
426 310 5
439 250 5
471 395 5
552 406 5
472 434 5
530 263 5
197 53 5
207 100 5
302 262 5
442 369 5
376 314 5
545 119 5
263 256 5
63 191 6
507 461 11
365 36 11
577 72 4
515 339 5
362 230 0
114 317 0
48 363 5
280 311 5
320 168 5
327 102 0
478 152 0
562 350 0
462 302 0
