482 125 9
340 43 5
297 67 5
256 100 5
213 96 5
165 63 5
104 130 5
83 246 5
36 261 5
70 136 5
37 25 5
414 64 5
460 46 5
505 44 5
406 25 5
342 161 5
218 199 5
181 234 5
162 306 5
124 292 5
70 298 5
171 188 5
270 228 5
260 274 5
320 274 5
343 323 5
380 290 5
395 250 5
382 199 5
447 188 5
575 188 5
472 280 5
192 371 5
161 411 5
193 465 5
53 395 5
553 129 5
523 157 5
505 195 5
594 310 5
613 355 5
570 258 5
493 318 5
452 332 5
449 381 5
472 410 5
519 393 5
535 436 5
413 427 5
612 405 5
310 405 5
235 340 5
268 384 5
123 457 5
297 156 5
239 46 5
252 14 5
203 272 5
306 360 5
335 99 0
379 91 0
586 64 0
131 86 0
226 157 0
43 209 5
155 266 0
57 343 0
116 387 0
269 327 0
