580 16 5
536 33 5
465 26 5
442 79 5
399 34 5
600 57 5
599 112 5
446 324 5
453 279 5
480 365 5
575 375 5
516 445 5
490 403 5
420 223 5
525 211 5
136 79 4
112 196 4
415 430 4
393 397 4
418 355 4
331 354 4
269 416 6
360 200 3
323 175 6
110 341 5
99 257 5
154 325 5
129 286 5
169 371 5
225 372 5
201 442 5
240 410 5
27 290 5
59 299 5
97 150 5
146 122 5
59 162 5
70 97 5
157 197 5
211 189 5
223 81 5
252 52 5
225 32 5
279 89 5
316 69 5
292 144 5
347 414 5
537 90 11
428 129 11
453 180 0
479 144 0
501 295 5
534 352 5
308 445 5
397 316 0
278 228 0
330 228 0
330 122 5
46 414 0
95 443 0
207 134 0
248 328 5
