443 302 5
562 391 5
609 359 5
499 356 5
544 436 5
485 248 5
600 302 5
553 44 6
364 457 6
160 330 5
197 324 5
58 417 5
36 384 5
74 443 5
111 392 5
19 348 5
46 310 5
80 255 5
159 280 5
192 251 5
141 239 5
142 205 5
150 162 5
63 168 5
72 107 5
112 109 5
106 160 5
6 117 5
68 33 5
110 20 5
148 58 5
190 37 5
346 41 5
230 32 5
381 21 5
413 50 5
456 73 5
442 14 5
432 115 5
495 103 5
494 140 5
381 138 5
390 191 5
356 218 5
300 256 5
289 307 5
420 232 5
548 129 5
400 417 5
436 424 5
276 152 5
236 391 5
321 441 5
12 40 11
107 67 0
271 53 11
235 115 0
37 210 0
87 200 0
244 237 11
314 191 0
458 249 6
221 192 0
183 431 0
227 432 5
151 377 11
235 349 11
281 432 11
289 102 5
323 93 5
433 383 0
553 273 0
392 357 0
525 327 0
502 449 0
482 410 0
523 392 0
500 189 0
442 193 0
467 166 0
