192 385 5
250 415 5
295 438 5
218 342 5
261 381 5
290 324 5
347 368 5
359 314 5
392 442 5
435 452 5
462 421 5
426 370 5
393 353 5
118 450 5
102 395 5
81 323 5
81 277 5
127 277 5
177 285 5
482 372 5
447 299 5
488 276 5
535 253 5
442 227 5
395 210 5
351 234 5
382 278 5
455 154 5
426 127 5
366 130 5
340 95 5
303 72 5
393 75 5
320 128 5
324 197 5
398 163 5
443 187 5
507 92 5
498 45 5
235 209 5
190 200 5
275 163 5
274 237 5
78 233 5
145 158 5
158 107 5
572 75 5
590 117 5
619 152 5
197 71 5
335 438 5
385 393 5
537 365 5
160 342 5
304 285 0
423 261 0
492 217 0
554 203 11
570 300 6
586 372 3
234 158 0
113 30 0
215 261 0
246 305 0
599 250 0
609 27 0
29 287 0
101 192 5
196 156 5
294 387 5
621 338 5
471 117 5
53 33 5
19 442 5
65 420 5
70 371 5
