264 264 4
294 247 4
221 233 3
112 174 3
58 30 3
428 402 4
417 367 4
482 345 4
503 370 4
470 257 4
368 299 4
260 345 4
288 385 4
256 397 4
236 421 4
267 445 4
326 463 4
323 432 4
327 366 4
369 385 4
379 413 4
406 428 4
158 397 4
205 377 4
179 355 4
222 334 4
204 300 4
170 294 4
120 325 4
187 256 4
153 246 4
116 279 4
56 305 4
44 350 4
91 348 4
287 192 4
265 104 4
455 34 4
511 103 4
489 139 4
459 202 4
419 202 4
417 141 4
566 119 4
597 101 4
571 75 4
595 49 4
536 21 4
599 158 4
598 179 4
557 188 4
579 326 4
129 18 4
160 32 4
114 59 4
87 14 4
44 61 4
82 100 4
204 16 4
177 65 4
129 111 4
102 143 4
152 152 4
199 153 4
167 184 4
191 203 4
229 182 4
226 46 3
302 47 4
292 77 4
260 58 11
45 232 11
486 452 11
412 308 11
382 22 4
327 14 4
97 448 4
543 353 4
456 425 4
510 207 4
61 422 4
11 443 11
112 412 11
59 153 4
34 187 4
478 69 4
487 21 9
358 174 9
84 255 9
450 459 9
457 303 3
438 271 11
397 267 4
330 261 3
584 415 11
631 386 11
617 249 11
593 226 11
326 135 0
161 120 6
