205 229 6
116 134 6
497 243 3
452 242 5
471 290 5
561 218 5
473 116 5
385 450 5
410 420 5
481 397 5
515 454 5
468 456 5
431 310 5
364 287 5
336 252 5
406 247 5
418 214 5
382 172 5
265 176 5
192 191 5
131 274 5
227 284 5
270 287 5
179 423 5
220 393 5
269 391 5
325 383 5
322 337 5
51 250 5
49 103 5
156 126 5
397 104 5
369 69 5
378 18 5
526 123 5
470 182 5
60 434 5
549 324 5
532 264 1
575 39 5
324 156 5
113 308 5
110 199 5
515 170 5
356 410 5
225 440 0
145 457 11
110 401 0
270 335 11
292 223 11
415 353 11
237 197 6
178 263 0
473 330 0
612 240 0
583 97 0
252 67 0
104 61 0
588 270 3
42 48 11
184 83 0
50 174 0
241 110 11
472 56 5
440 84 0
260 19 0
561 177 0
208 41 11
618 308 11
598 341 0
