443 332 5
433 290 5
357 310 5
483 317 5
260 317 5
397 402 5
432 404 5
128 52 5
15 24 5
138 9 5
192 34 5
268 17 5
434 33 5
321 85 5
260 125 5
50 162 5
87 248 5
173 219 5
165 277 5
38 205 5
389 107 5
414 154 5
368 172 5
513 96 5
532 12 5
608 14 5
570 77 5
600 169 5
468 264 5
389 272 5
38 445 5
62 359 5
169 394 5
207 404 5
315 450 5
297 365 5
478 430 5
345 425 5
369 466 5
479 203 5
590 122 5
115 320 5
114 283 5
124 403 5
250 430 12
477 381 12
345 361 12
225 363 0
317 400 0
122 457 0
204 114 0
158 185 0
32 323 0
306 171 12
389 218 12
399 63 0
472 65 5
395 347 5
566 200 5
29 405 5
606 375 5
432 112 5
62 110 0
543 352 12
423 252 12
451 211 5
470 142 5
365 41 12
510 237 0
540 274 0
529 427 12
