30 241 6
157 454 5
201 451 5
310 435 5
331 376 5
202 278 5
196 237 5
145 236 5
102 182 4
92 338 5
18 363 5
87 139 5
283 69 5
335 71 5
383 23 5
386 97 5
367 196 5
333 158 5
84 42 5
119 114 5
186 333 5
410 296 5
405 259 5
434 325 5
489 364 5
493 430 5
450 442 5
463 400 5
525 396 5
618 354 5
583 322 5
581 289 5
618 263 5
625 169 5
473 314 5
474 215 5
511 47 5
420 55 5
392 170 5
445 155 5
213 133 5
165 101 5
310 227 5
294 196 5
312 276 11
240 315 11
325 313 5
47 118 11
281 397 0
596 58 0
145 415 0
197 408 0
549 120 0
546 80 0
551 157 5
595 145 5
592 101 5
424 211 5
457 269 11
536 301 0
351 454 5
357 255 11
326 115 5
213 366 11
145 284 11
262 234 11
566 367 0
489 281 5
243 164 0
405 127 0
110 442 0
245 422 0
331 27 0
265 105 0
68 242 5
204 200 0
