452 170 3
512 218 3
296 318 3
539 39 3
273 248 7
338 406 7
578 192 9
597 263 9
160 263 9
165 219 4
136 185 4
75 147 4
33 211 4
110 233 4
24 275 4
87 314 4
123 362 4
73 428 4
129 467 4
127 428 4
91 469 4
204 284 4
253 327 4
327 305 4
364 280 4
402 245 4
373 192 4
322 170 4
371 103 4
327 119 4
308 42 4
214 67 4
174 75 4
402 80 4
402 28 4
325 75 4
480 64 4
475 98 4
435 137 4
576 110 4
543 142 4
624 145 4
530 178 4
589 231 4
426 195 4
455 262 4
509 242 4
617 306 4
530 355 4
435 316 4
443 349 4
470 373 4
508 385 4
515 426 4
412 421 4
382 365 4
393 299 4
358 237 4
284 354 4
303 448 4
308 412 4
454 456 4
32 409 4
94 23 4
13 126 4
5 155 4
212 337 11
131 284 11
346 437 11
616 39 4
176 120 4
47 25 4
580 25 4
452 5 4
356 20 4
209 138 3
287 105 4
268 65 4
140 105 3
248 414 4
172 409 4
200 414 4
181 156 3
166 34 3
515 116 11
517 89 11
546 71 4
355 334 11
215 390 6
87 269 3
98 95 9
118 55 9
