130 91 3
140 159 3
417 108 3
378 292 9
159 33 0
406 345 11
583 333 3
32 85 4
40 121 4
54 173 4
100 156 4
152 192 4
108 52 4
184 87 4
237 83 4
231 60 4
238 138 4
218 175 4
260 205 4
209 212 4
296 71 4
319 103 4
339 48 4
311 19 4
357 16 4
556 102 4
485 82 4
451 90 4
381 148 4
418 232 4
345 207 4
307 213 4
281 178 4
337 257 4
323 281 4
268 301 4
312 330 4
385 395 4
352 431 4
305 420 4
251 411 4
206 417 4
181 388 4
172 446 4
182 342 4
228 326 4
275 461 4
397 452 4
440 461 4
432 422 4
471 434 4
462 384 4
412 298 4
496 220 4
586 299 4
532 296 4
480 292 4
608 359 4
556 361 4
522 422 4
583 443 4
116 449 4
86 428 4
35 427 4
95 370 4
37 347 4
102 324 4
133 315 4
149 282 4
47 230 4
15 268 4
563 15 4
534 201 4
517 168 4
557 247 4
516 255 11
182 264 4
120 395 4
620 395 4
552 147 4
590 137 4
607 164 4
587 182 4
582 215 4
615 230 4
215 465 4
503 464 9
161 142 9
264 30 9
338 168 4
394 195 11
229 276 11
246 240 11
45 388 9
346 370 4
634 34 11
9 48 6
456 250 11
