85 45 4
46 29 4
9 33 4
138 34 4
173 12 4
223 34 4
304 109 4
157 126 4
102 127 4
87 90 4
19 104 4
10 76 4
23 152 4
77 159 4
7 195 4
25 239 4
61 210 4
88 207 4
107 239 4
52 267 4
103 280 4
126 178 4
195 170 4
236 190 4
181 217 4
225 127 4
253 149 4
304 151 4
375 88 4
347 123 4
332 177 4
392 144 4
85 402 4
77 442 4
227 433 4
253 307 4
296 293 4
322 356 4
215 381 4
202 308 4
451 391 4
484 380 4
440 325 4
490 330 4
489 291 4
501 256 4
452 276 4
486 223 4
519 190 4
564 183 4
632 183 4
531 101 4
515 67 4
557 67 4
600 64 4
555 13 4
612 16 4
470 72 4
430 131 4
491 150 4
570 420 4
536 452 4
489 442 4
379 248 4
364 203 4
339 243 4
300 209 3
182 257 9
196 282 9
150 274 9
19 309 9
357 298 9
424 370 9
446 433 9
258 235 9
411 169 9
507 126 9
490 45 9
159 312 11
319 12 4
157 445 4
195 461 4
32 424 4
519 370 4
613 275 4
570 153 11
114 411 11
447 13 4
497 11 4
535 155 4
252 71 4
307 55 11
95 334 2
160 402 3
394 382 3
606 317 3
618 342 3
623 100 9
443 191 3
404 215 4
435 221 4
327 272 7
611 131 11
403 323 4
362 373 4
363 394 4
