29 327 3
160 467 3
116 46 3
100 135 3
383 426 9
87 408 4
43 422 4
108 285 4
38 268 4
9 295 4
90 193 4
130 216 4
146 260 4
210 290 4
165 392 4
206 432 4
220 456 4
75 459 4
311 308 4
288 270 4
341 272 4
362 323 4
398 311 4
477 332 4
375 242 4
379 193 4
411 169 4
421 218 4
410 254 4
300 215 4
464 211 4
491 176 4
489 147 4
445 140 4
473 90 4
512 79 4
534 108 4
535 147 4
563 70 4
542 39 4
500 32 4
396 44 4
460 16 4
621 39 4
600 79 4
630 168 4
624 119 4
562 201 4
594 242 4
551 259 4
582 284 4
472 275 4
460 250 4
470 432 4
555 396 4
616 322 4
612 367 4
620 392 4
582 439 4
345 430 4
325 403 4
299 449 4
390 466 4
207 383 4
361 132 4
356 103 4
315 115 4
290 107 4
304 59 4
327 56 4
213 17 4
205 50 4
75 88 4
23 117 4
62 152 4
89 363 4
497 295 11
412 85 11
177 79 11
13 184 11
35 204 11
210 157 11
288 28 9
159 189 4
126 162 4
440 369 4
227 251 4
61 31 11
154 33 4
477 466 11
255 372 11
39 71 2
175 245 2
161 303 9
331 357 11
525 353 3
464 49 9
542 437 7
