350 115 5
292 334 2
240 329 2
237 156 6
204 77 0
375 181 2
441 186 0
464 322 0
357 407 0
466 383 0
607 409 2
179 360 0
321 263 0
285 276 3
276 236 0
408 105 0
464 71 0
97 60 0
23 288 6
607 286 2
564 337 0
230 290 0
629 136 2
605 213 0
431 355 0
513 455 0
512 32 0
531 101 0
460 115 0
522 185 0
495 227 0
495 273 0
577 263 0
540 303 0
567 79 0
545 425 0
469 442 0
410 221 0
403 52 0
219 403 11
187 286 0
297 187 0
330 164 0
341 210 0
327 317 0
397 338 11
410 402 0
400 437 0
319 456 0
259 445 0
377 370 0
85 456 6
146 427 0
118 391 0
95 364 0
36 379 0
80 325 0
138 314 0
192 118 1
142 201 0
116 242 0
75 217 0
68 157 0
310 98 0
210 35 0
252 55 0
295 30 0
155 67 0
89 20 0
70 91 0
18 115 0
270 92 0
19 37 0
55 52 6
