218 270 3
74 194 3
75 91 3
550 181 3
539 316 3
294 284 3
229 399 3
124 61 4
44 27 4
19 62 4
112 107 4
190 182 4
224 162 4
223 32 4
244 105 4
331 37 4
288 156 4
306 218 4
279 246 4
112 221 4
152 230 4
97 285 4
85 330 4
49 357 4
65 399 4
19 418 4
149 322 4
187 330 4
242 292 4
255 325 4
297 317 4
176 370 4
127 387 4
123 462 4
179 415 4
217 457 4
245 432 4
339 402 4
313 385 4
367 316 4
327 303 4
383 364 4
406 282 4
393 260 4
430 217 4
426 180 4
486 134 4
515 97 4
477 55 4
567 79 4
598 106 4
533 129 4
603 42 4
562 24 4
584 215 4
511 204 4
499 251 4
484 326 4
503 376 4
427 371 4
472 403 4
529 429 4
557 405 4
560 378 4
601 274 4
633 287 4
611 388 4
628 419 4
413 433 4
427 464 4
478 448 4
329 464 4
517 57 3
61 256 11
447 105 4
302 55 3
93 36 3
287 443 1
540 257 11
223 215 0
127 310 3
42 226 3
628 147 3
198 86 4
