556 303 5
531 190 5
392 69 5
196 254 5
525 340 5
386 187 0
463 97 9
339 34 0
199 84 6
47 147 6
467 304 3
13 48 0
101 22 0
146 8 0
148 52 0
100 86 0
24 187 0
73 212 0
26 235 0
95 182 0
128 200 0
173 217 0
160 107 0
210 126 11
213 43 0
254 31 1
259 69 3
232 177 0
252 146 0
254 107 0
310 107 0
305 59 0
341 163 0
357 129 0
403 139 2
297 231 0
432 78 0
378 26 0
539 76 0
505 105 0
531 140 0
580 136 0
574 90 0
622 59 0
628 152 0
448 197 3
493 177 0
493 220 0
519 257 0
381 222 0
340 225 0
245 221 0
302 270 0
350 276 0
425 258 0
388 294 0
340 318 0
290 359 0
382 336 0
351 372 0
396 399 0
337 405 0
418 363 0
441 335 0
467 397 0
517 395 6
553 382 3
592 250 0
620 315 0
589 336 0
610 375 0
519 296 0
485 272 0
525 458 0
563 452 0
223 397 5
177 327 0
199 366 0
128 361 0
65 359 0
177 286 2
212 295 2
77 398 0
62 304 0
109 265 0
57 252 0
9 113 0
154 419 0
33 446 0
481 359 0
447 160 0
257 318 0
448 32 0
498 16 0
273 192 0
