422 215 9
331 235 9
582 117 9
610 387 5
560 192 5
219 429 3
85 50 1
186 128 1
213 389 1
367 205 0
455 112 0
405 132 0
568 44 0
364 16 0
199 19 0
63 448 6
37 243 2
353 252 2
259 58 6
562 303 11
615 124 3
604 62 2
460 32 0
486 71 0
501 20 0
543 107 0
622 34 5
517 60 0
484 137 0
505 170 0
475 190 0
518 220 0
499 270 0
561 245 0
576 227 0
594 182 0
632 164 0
610 256 0
565 150 0
389 71 0
347 78 0
308 104 0
335 135 0
311 180 0
256 145 0
225 200 11
258 113 0
169 53 0
147 89 0
70 101 6
30 113 0
26 30 0
43 200 0
35 153 0
92 168 0
126 132 0
115 215 0
82 261 0
160 199 0
213 225 3
19 316 0
197 255 0
112 286 0
164 298 0
200 328 0
228 295 0
118 338 0
94 383 0
33 384 0
157 367 0
185 355 0
107 420 0
160 434 0
294 347 0
288 299 0
312 262 0
266 231 0
312 222 0
271 396 0
302 427 0
383 357 0
466 298 0
379 282 0
393 234 0
427 252 0
425 299 0
502 360 0
497 407 0
427 428 0
371 439 0
467 455 0
569 352 0
568 391 0
563 459 0
102 462 0
429 164 0
