270 372 9
467 154 9
355 68 5
457 402 6
396 415 7
562 407 5
512 164 7
393 218 5
227 54 2
219 135 6
560 10 0
535 45 0
479 54 0
462 35 0
585 49 0
545 87 0
554 130 0
602 142 0
497 113 0
446 108 0
402 116 0
408 60 0
422 34 0
376 115 0
443 229 0
481 257 0
517 258 0
532 198 0
595 196 0
611 236 6
19 52 0
15 103 0
62 91 0
82 61 0
115 15 0
150 27 0
175 65 0
42 220 0
151 316 0
248 300 6
327 223 6
263 177 0
283 144 0
316 121 0
341 139 0
360 166 0
250 256 0
274 223 0
308 257 0
335 289 0
370 314 0
305 337 0
225 327 0
195 364 0
169 340 0
45 170 5
119 237 0
68 259 0
23 265 0
156 276 0
188 96 0
93 154 0
124 128 0
157 105 0
190 150 0
175 200 0
210 236 0
194 295 0
183 24 0
19 422 0
73 381 0
17 365 0
51 341 0
90 294 0
86 421 11
37 467 5
175 453 0
179 416 0
220 393 0
265 430 0
324 409 0
265 461 0
341 365 0
384 350 0
429 339 0
480 340 0
510 317 0
532 291 0
574 303 0
615 295 0
545 343 0
522 379 0
616 387 0
581 365 6
545 454 0
473 193 0
