604 100 0
444 47 0
562 362 9
453 415 9
322 80 9
277 79 9
356 65 9
275 432 5
317 234 5
195 431 6
326 113 9
626 24 0
600 67 0
551 20 0
532 59 0
532 110 0
491 143 0
545 148 0
607 154 11
445 88 0
483 72 0
418 18 2
371 21 0
318 40 0
257 35 0
371 93 0
400 130 0
326 147 0
279 148 0
245 119 0
124 85 6
47 58 2
67 22 0
100 45 0
75 97 0
134 15 0
171 39 0
188 86 0
222 39 0
183 137 0
132 130 0
87 156 0
97 201 0
184 182 0
252 209 0
351 188 0
394 170 0
437 177 0
440 211 0
480 228 0
571 186 0
620 186 0
569 225 0
545 265 0
514 257 6
424 277 6
20 342 0
157 389 0
475 467 2
30 249 0
17 288 0
108 231 0
97 267 0
82 310 0
136 287 0
178 249 0
190 302 0
162 325 0
109 337 0
136 358 0
32 378 0
87 400 0
116 439 0
157 430 0
196 389 0
230 354 0
228 308 0
254 260 0
293 262 0
362 252 0
320 315 5
385 318 0
421 363 0
435 321 0
482 285 0
477 323 0
520 344 1
617 260 0
606 302 0
589 337 0
596 460 0
490 443 0
552 462 0
388 379 0
355 399 0
321 373 0
253 394 0
363 454 11
47 460 0
5 464 0
