109 12 5
179 140 5
235 190 5
304 22 9
405 45 9
229 336 9
512 312 5
587 134 5
224 410 4
235 262 5
161 240 11
426 418 0
500 52 0
608 402 5
595 45 5
529 94 0
541 58 0
570 16 0
497 117 0
461 103 0
441 61 0
442 16 0
496 144 0
470 187 0
518 211 0
533 170 0
565 195 0
624 162 0
594 251 0
558 238 0
530 274 0
584 305 0
477 263 0
444 295 6
517 363 0
468 340 0
554 340 0
562 392 0
591 351 0
480 414 0
497 461 0
521 442 0
451 450 0
422 327 0
377 337 0
397 431 0
369 404 0
336 363 0
277 364 0
332 306 0
366 265 0
328 245 0
357 210 0
406 197 0
404 162 0
420 390 6
305 148 0
293 114 0
329 70 0
337 35 0
376 23 0
373 72 0
386 107 0
238 41 0
265 78 0
207 25 0
160 29 0
128 61 0
215 154 3
202 217 0
175 183 0
124 128 0
97 117 0
63 143 0
63 197 0
26 178 0
48 249 0
15 272 0
56 327 0
68 292 0
144 314 0
196 296 5
138 422 0
154 371 0
108 363 0
82 375 0
91 405 0
25 437 0
105 464 0
227 458 0
180 429 0
16 395 2
256 142 0
276 225 0
343 122 0
340 447 0
319 425 0
