159 412 3
242 336 3
319 280 3
551 168 3
272 127 3
267 89 0
492 350 0
521 435 4
518 400 4
354 431 4
363 379 4
385 349 4
387 310 4
346 331 4
299 370 4
255 375 4
219 420 4
152 452 4
46 445 4
36 338 4
112 356 4
148 378 4
220 311 4
172 275 4
227 255 4
277 300 4
408 267 4
378 235 4
338 249 4
415 214 4
459 250 4
450 299 4
498 284 4
535 245 4
565 274 4
541 327 4
610 315 4
620 361 4
584 395 4
628 411 4
622 267 4
554 206 4
628 125 4
622 76 4
510 84 4
517 156 4
460 57 4
441 14 4
276 39 4
194 43 4
182 88 4
361 89 4
337 46 4
416 74 4
307 185 4
248 183 4
247 212 4
211 171 4
165 172 4
214 126 4
147 115 4
99 123 4
92 72 4
99 32 4
147 65 4
25 29 4
35 64 4
43 192 4
8 150 4
47 229 4
91 205 4
129 201 4
137 235 4
63 276 4
98 262 4
133 278 4
302 445 4
432 134 9
576 103 9
347 12 4
394 6 4
165 25 3
175 340 3
75 381 9
550 455 2
567 345 9
584 150 11
600 8 4
361 128 2
416 39 2
431 455 4
600 214 4
13 111 9
237 454 4
