311 222 0
279 197 0
353 199 0
361 267 0
505 350 8
479 199 8
115 77 8
132 9 8
605 328 8
594 83 0
158 436 6
91 450 0
86 378 0
57 370 0
74 327 2
107 344 0
141 365 0
188 360 0
25 418 0
31 457 0
14 331 0
51 304 0
25 274 10
29 247 0
60 248 0
88 220 6
157 277 0
103 270 3
413 266 8
225 185 0
162 122 8
116 152 0
51 154 0
42 197 0
10 162 0
191 71 3
230 83 0
265 69 0
230 8 0
283 17 0
314 20 0
345 9 0
369 76 0
406 74 0
412 108 0
430 47 0
442 25 0
357 157 0
383 148 0
462 91 6
500 52 0
509 24 0
545 22 0
562 49 0
578 10 0
625 25 0
82 126 8
15 62 0
55 12 0
5 26 0
325 102 8
401 9 0
544 102 0
570 146 0
584 127 0
633 101 0
515 166 0
570 184 0
610 193 0
618 214 0
515 232 0
564 246 0
545 279 0
477 255 0
410 227 0
428 295 0
456 335 0
632 250 0
633 290 0
547 379 0
572 372 0
620 415 0
614 454 0
492 398 0
499 452 0
553 462 0
432 411 0
421 385 0
416 354 0
357 337 0
352 371 6
320 331 0
309 370 2
337 402 6
278 409 0
263 321 6
222 385 0
227 427 0
243 411 0
238 462 0
293 449 0
310 467 0
413 460 0
123 305 0
238 267 0
262 160 8
222 127 8
325 263 8
342 444 8
75 42 0
320 140 2
233 344 2
171 217 6
180 192 6
128 452 6
171 59 3
309 60 0
125 116 0
441 180 3
158 332 0
425 154 0
110 414 6
126 224 6
532 432 2
567 340 0
630 362 2
198 297 0
203 245 8
270 376 0
380 243 0
468 432 8
472 292 8
