518 79 0
59 401 0
436 341 9
526 286 9
202 397 0
358 347 3
534 462 9
604 152 0
290 196 0
620 21 6
570 25 6
529 22 6
458 24 6
435 51 6
465 89 6
509 119 6
595 100 6
558 114 6
529 157 6
553 177 6
510 196 6
468 212 6
411 92 0
404 132 6
354 194 0
363 105 6
370 65 6
326 83 6
290 75 6
317 33 6
292 128 6
246 155 6
245 95 6
186 95 6
213 61 6
164 72 6
129 102 6
108 66 6
262 49 6
274 6 6
57 56 6
81 96 6
54 122 6
100 178 6
138 162 6
160 226 6
126 257 6
87 275 6
108 326 6
61 326 6
207 246 6
254 272 6
297 249 6
273 296 6
287 328 6
317 300 6
361 225 6
404 232 6
442 240 6
238 231 6
200 197 6
490 252 6
574 232 6
629 284 6
603 330 6
547 350 6
547 314 6
511 379 6
472 357 6
491 324 6
468 287 6
433 282 6
412 322 6
418 382 6
361 387 6
315 379 6
267 367 6
229 427 6
229 466 6
109 415 6
87 442 6
35 437 6
171 381 6
572 438 6
531 428 6
567 404 6
616 391 6
493 461 6
452 432 6
400 423 6
483 405 6
305 465 6
14 280 6
152 314 6
35 170 6
353 142 6
5 15 6
320 270 6
278 422 6
197 345 6
115 381 6
139 353 6
361 429 3
40 257 6
144 40 3
57 19 6
105 141 9
167 140 6
153 195 0
17 324 6
378 316 3
377 280 3
205 162 0
591 296 6
559 273 6
572 371 6
