557 80 0
393 44 0
540 42 6
489 55 6
442 41 6
447 84 6
479 103 6
521 83 6
404 105 6
472 159 6
495 187 6
540 154 6
578 116 6
611 105 6
625 145 6
622 215 6
573 220 6
527 213 6
512 246 6
432 177 6
471 247 6
402 195 6
456 305 6
398 286 6
513 305 6
608 308 6
557 305 6
584 269 6
583 185 6
419 340 6
452 379 6
506 406 6
547 402 6
579 386 6
543 461 6
520 435 6
396 410 6
343 425 6
355 383 6
347 350 6
310 366 6
404 375 6
281 358 6
236 375 6
235 440 6
281 410 6
251 334 6
264 293 6
303 267 6
347 261 6
306 225 6
310 193 6
284 158 6
241 185 6
203 216 9
21 445 6
41 405 6
62 376 6
100 349 6
118 383 6
174 384 6
77 457 6
155 277 6
105 280 6
48 296 6
50 338 6
19 240 6
43 267 6
67 230 6
343 106 6
325 136 6
254 129 6
236 107 6
280 91 6
312 71 6
317 38 6
365 53 6
244 29 6
191 34 6
220 55 6
195 112 6
153 41 6
101 42 6
98 85 6
49 67 6
50 39 6
17 112 6
60 103 6
86 137 6
19 149 6
159 153 6
159 105 1
72 170 0
101 195 6
157 195 6
136 229 6
200 272 0
253 237 6
301 322 6
129 324 0
91 422 9
152 424 0
195 442 6
420 266 0
454 211 6
507 371 0
598 445 0
356 215 0
400 232 6
150 361 6
197 349 6
125 448 6
102 240 0
