574 11 0
380 221 0
120 230 0
127 75 3
152 46 3
523 228 9
452 459 9
619 27 6
598 62 6
580 100 6
571 136 6
546 160 6
457 186 6
434 161 6
400 146 6
354 130 6
372 110 6
434 120 6
465 92 6
416 78 6
417 41 6
491 65 6
504 35 6
555 42 6
535 75 6
502 121 6
526 108 6
470 137 6
580 188 6
346 83 6
458 11 0
251 50 6
286 79 0
249 463 6
317 413 6
335 337 6
388 310 6
317 277 6
403 268 6
512 255 6
562 249 6
550 356 6
505 384 6
453 417 6
350 445 6
396 425 6
180 425 6
128 448 6
82 447 6
47 410 6
64 384 6
107 372 5
457 296 3
118 296 6
119 267 6
157 247 6
87 337 6
125 330 6
53 270 6
87 196 6
118 153 6
87 142 6
72 121 6
29 142 6
94 87 6
100 38 6
189 291 6
225 278 6
246 255 6
265 245 6
287 199 6
246 181 6
213 167 6
321 185 6
199 133 3
171 102 6
167 147 6
213 100 6
238 80 6
362 186 6
337 232 6
161 380 6
177 460 3
190 350 6
520 445 6
616 348 5
525 320 6
578 319 6
549 281 6
237 421 6
205 393 6
632 240 6
596 224 6
602 272 6
633 302 6
432 242 6
468 259 6
462 363 6
497 346 0
415 390 6
380 353 6
23 340 6
150 192 6
163 322 6
38 93 6
176 19 6
197 61 6
362 282 0
301 244 0
608 384 3
75 237 0
281 129 6
423 323 6
