128 128 0
579 203 6
557 176 6
549 148 6
557 115 6
585 99 6
541 79 6
566 39 6
510 141 6
470 173 6
441 184 6
506 205 6
513 255 6
546 227 6
570 245 9
622 213 6
610 260 6
572 282 6
492 291 6
456 320 6
489 457 6
436 458 6
407 436 6
370 420 6
388 363 6
348 375 6
304 352 0
336 319 0
419 335 6
511 425 6
504 373 6
547 358 6
503 346 2
599 352 6
563 324 6
583 428 6
240 448 6
209 464 6
209 409 6
193 376 6
188 337 6
203 308 6
255 315 6
262 272 6
215 279 6
302 299 6
330 253 6
371 304 6
297 192 6
156 227 6
205 215 6
164 182 6
212 170 6
184 253 6
181 284 6
122 280 6
94 299 6
47 305 6
21 353 6
120 328 6
43 415 6
126 405 6
102 440 6
162 414 0
46 452 0
293 458 0
168 457 6
421 120 6
386 126 6
268 112 6
157 120 6
163 89 6
84 39 6
13 60 6
71 152 6
54 193 6
136 48 6
195 61 6
317 28 6
292 44 6
433 27 6
475 18 6
450 89 6
130 160 6
13 174 6
51 234 0
67 107 0
31 95 9
420 400 9
125 373 5
259 416 6
462 393 0
548 465 0
632 127 0
485 80 0
507 50 9
411 59 6
467 114 6
374 85 6
330 103 6
283 74 6
17 138 6
35 23 0
143 15 0
193 21 6
365 43 6
350 11 6
232 30 6
245 214 6
280 160 6
217 128 6
346 143 6
410 193 0
465 52 0
322 182 6
342 224 6
387 241 6
