115 313 6
207 341 6
264 301 6
277 356 6
207 384 6
211 415 6
120 416 6
235 441 6
285 440 6
333 426 6
408 407 6
452 402 6
477 355 6
515 316 6
481 312 6
497 268 6
568 370 6
477 425 6
487 203 6
495 125 6
544 87 6
601 60 6
314 112 6
402 87 6
313 61 6
162 124 6
217 235 6
90 208 6
15 69 6
42 41 6
98 63 6
104 27 6
152 41 6
60 91 6
193 30 6
477 52 6
478 17 6
513 55 6
620 268 6
622 324 6
602 419 6
541 409 6
435 313 6
456 248 6
535 218 6
582 185 6
601 165 6
534 164 6
368 377 6
337 332 6
359 306 6
16 328 6
146 201 6
123 228 6
20 155 6
94 141 6
115 101 6
237 174 6
290 177 6
312 153 6
278 129 6
270 88 6
347 22 6
376 278 6
356 214 9
259 265 9
501 175 9
497 468 9
612 12 0
557 37 0
438 107 0
483 89 0
419 144 6
607 105 6
362 178 6
393 209 6
293 255 6
337 241 6
138 158 6
181 314 6
370 433 6
72 383 6
571 146 0
533 122 0
423 20 0
384 51 0
372 135 0
355 93 6
226 89 0
251 39 0
190 97 0
221 124 0
184 182 9
55 209 0
58 164 0
47 128 0
30 252 0
49 292 0
204 280 6
135 292 6
177 235 6
128 364 6
40 402 6
80 432 6
12 452 6
145 462 6
294 324 6
309 369 6
332 277 0
314 211 5
417 280 0
393 334 0
436 357 6
493 397 6
252 396 6
164 435 6
447 210 6
406 243 0
577 292 0
606 389 0
