284 349 6
341 351 6
275 381 6
311 266 6
323 296 6
375 235 6
290 240 6
339 405 6
456 342 6
506 255 6
533 235 6
464 132 6
434 113 6
402 130 6
401 172 6
311 162 6
349 140 6
307 122 6
263 112 6
257 432 6
507 358 6
592 258 6
358 448 6
88 225 6
82 140 6
182 38 6
164 65 6
195 124 6
257 72 6
576 425 6
616 372 6
588 142 6
510 132 6
550 73 6
577 66 6
628 63 6
450 53 6
395 62 6
430 16 6
412 209 6
242 235 6
240 210 6
201 200 6
234 260 6
105 382 5
462 432 6
420 414 6
385 271 6
15 334 6
25 93 6
53 31 6
25 63 6
21 203 6
397 308 6
541 157 6
440 294 6
170 262 6
129 265 6
65 82 6
473 311 6
330 80 6
404 375 0
605 109 0
38 409 0
82 458 0
350 47 0
217 334 6
297 205 6
41 299 0
