453 335 6
481 379 6
467 412 6
311 380 6
184 454 6
135 422 6
105 449 6
43 401 6
192 230 6
163 249 6
598 279 6
494 322 6
482 441 6
425 43 6
405 21 6
467 92 6
512 127 6
495 98 6
507 165 6
437 211 6
440 175 6
257 204 6
300 230 6
333 204 6
369 196 6
374 164 6
158 195 3
100 271 6
66 284 6
43 176 6
74 158 6
52 132 6
36 117 6
45 57 6
82 24 6
124 37 6
210 18 6
247 35 6
335 35 6
142 129 6
185 133 6
247 145 6
218 211 6
256 287 6
277 270 6
227 337 6
150 327 6
108 376 6
145 370 6
367 268 6
375 307 6
336 307 6
432 300 6
460 265 6
462 240 6
429 376 6
585 431 9
330 454 6
480 212 6
525 297 6
574 192 6
601 170 6
626 456 6
588 227 6
285 115 6
87 337 6
107 314 6
77 82 6
510 251 6
402 446 6
30 449 6
288 50 6
315 139 6
157 103 0
363 350 2
