247 164 6
238 236 6
296 261 6
319 192 6
277 54 6
238 21 6
172 30 6
134 51 6
95 58 6
85 100 6
79 149 6
96 188 6
283 123 6
5 341 6
105 345 6
63 417 6
48 454 6
94 464 6
102 421 6
142 419 6
215 409 6
183 399 6
172 350 6
437 27 6
339 27 6
357 61 6
320 91 6
338 133 6
350 168 6
392 162 6
410 192 6
484 57 6
525 46 6
546 74 6
586 20 6
631 39 6
592 81 6
585 144 6
616 171 6
373 344 6
308 340 6
261 333 6
322 376 6
279 390 6
200 464 6
207 379 6
421 393 6
385 419 6
480 428 6
418 345 6
393 304 6
550 185 6
510 145 6
491 190 6
465 128 6
47 91 6
152 234 6
113 270 6
201 142 6
254 92 6
414 227 6
525 340 6
517 385 6
238 459 6
256 283 6
216 183 6
411 112 3
22 293 0
285 442 0
152 155 0
305 50 5
157 282 0
176 107 0
117 119 0
326 225 6
354 287 6
327 307 6
484 460 6
491 263 6
478 232 6
576 232 6
616 273 6
549 10 6
570 283 9
415 260 9
68 362 6
21 387 6
256 367 6
438 168 6
627 72 6
131 16 6
324 415 6
345 455 6
572 352 6
