460 107 6
387 95 6
362 29 7
286 120 6
247 101 6
256 68 6
325 143 6
255 163 6
169 156 6
157 125 6
180 214 6
155 182 6
104 215 6
155 237 6
205 202 6
249 199 6
297 206 6
296 237 6
353 231 6
363 170 6
385 207 6
393 148 6
416 124 6
460 23 6
605 287 6
480 268 6
430 276 6
240 350 6
218 326 6
261 267 6
212 290 6
170 280 6
188 339 9
535 161 9
422 457 6
380 390 6
489 346 6
443 350 6
517 346 6
542 458 6
490 437 6
455 445 6
144 393 6
77 375 6
46 346 6
14 302 6
56 254 6
69 326 6
201 381 6
74 442 6
27 169 6
72 150 6
93 105 6
66 80 6
30 64 6
98 59 6
193 102 6
114 274 6
343 111 6
325 77 6
329 22 6
535 85 6
449 54 6
541 12 6
593 17 6
627 55 6
606 230 6
598 188 6
592 155 6
601 97 6
252 431 6
