434 119 7
491 41 0
277 283 0
256 235 0
358 130 0
74 94 0
129 77 0
288 78 0
320 60 0
365 40 0
436 34 0
135 20 0
88 39 0
23 31 0
150 129 0
156 187 0
199 115 0
194 240 0
232 209 0
148 252 0
71 277 0
103 258 0
120 369 0
108 404 0
65 439 0
120 457 0
30 467 0
18 228 0
18 192 0
191 315 0
289 359 0
338 369 0
351 471 0
400 461 0
395 290 0
400 334 0
409 378 0
177 42 0
236 265 0
152 399 0
203 398 6
196 449 0
257 466 0
306 218 0
349 243 0
354 206 0
319 264 0
410 239 0
465 215 0
534 301 0
527 383 0
464 450 0
557 439 0
587 463 0
582 403 0
587 357 0
547 349 0
548 151 0
583 184 0
500 113 0
548 63 0
500 470 0
627 220 0
623 184 0
66 144 0
468 10 0
339 13 2
303 11 0
62 4 0
570 16 0
519 16 0
615 135 0
553 193 0
616 284 0
576 312 0
493 259 0
13 338 0
479 347 2
628 357 0
635 405 0
622 434 0
398 425 0
280 405 6
22 296 0
9 422 0
12 376 0
240 340 0
324 158 9
126 321 6
30 157 6
110 202 6
265 136 0
230 85 0
353 315 6
485 307 6
313 117 0
369 75 9
397 91 9
406 192 2
437 163 0
560 229 6
580 262 6
354 416 0
445 413 0
487 419 0
541 110 0
590 100 0
77 186 0
232 422 0
617 347 0
