468 286 6
334 365 0
87 389 0
539 308 0
404 112 0
69 241 0
45 345 0
183 416 0
141 430 0
221 297 0
127 463 0
199 149 0
190 100 0
227 78 0
225 44 0
190 13 0
138 29 0
85 61 0
44 43 0
14 77 0
69 136 0
97 113 0
125 140 0
35 197 0
31 293 0
98 295 0
174 311 0
155 276 0
206 372 0
222 347 0
267 320 0
276 278 0
302 234 0
248 217 0
235 185 0
260 127 6
281 70 0
269 384 0
274 421 0
230 453 0
325 421 0
322 461 0
368 471 0
406 461 0
398 415 0
424 332 0
372 147 6
342 179 0
419 212 0
383 63 0
410 34 0
437 58 0
474 70 0
477 118 0
538 79 0
583 115 0
579 180 0
497 262 0
438 262 0
359 259 0
359 312 0
475 340 0
507 360 0
591 394 0
601 420 0
51 428 0
608 224 0
594 282 0
620 317 0
578 347 0
85 344 0
513 466 0
4 459 0
50 463 0
8 422 0
630 352 0
17 234 0
621 163 0
8 150 0
19 116 0
556 8 0
463 9 0
378 11 0
332 8 0
242 7 0
130 232 3
404 368 3
309 87 3
586 255 9
366 348 0
138 179 0
465 148 7
418 163 7
523 180 0
317 26 6
320 139 0
159 353 2
542 444 0
503 393 0
492 437 0
559 232 0
356 78 0
186 209 0
535 136 0
573 48 0
406 293 6
