517 230 7
311 168 7
381 293 7
385 241 9
396 115 9
468 150 9
416 216 9
455 442 6
38 91 6
59 23 6
70 228 6
452 20 6
292 34 6
189 34 6
221 115 2
91 110 2
465 323 4
422 369 4
609 230 4
594 188 4
625 138 4
68 388 4
94 310 9
290 75 0
259 84 0
126 41 0
37 196 0
7 205 0
148 260 0
71 283 0
35 344 0
225 344 0
191 351 0
167 346 0
163 381 0
116 370 0
68 456 0
280 340 0
278 385 0
231 436 0
241 265 0
251 217 0
253 177 0
237 141 0
196 178 0
270 139 6
168 213 0
146 211 0
165 175 0
198 72 0
246 32 0
348 103 0
306 127 0
426 144 6
515 146 0
578 134 0
474 190 0
423 189 0
462 238 0
488 270 0
437 277 0
624 299 4
515 387 0
525 338 0
529 312 0
597 386 0
348 437 0
455 409 0
495 380 0
595 342 8
403 417 8
390 39 0
425 52 0
582 17 0
313 421 7
