243 334 12
191 291 12
130 299 12
72 251 12
136 145 12
280 232 12
227 243 12
156 231 12
91 291 12
75 318 12
78 367 12
79 410 12
257 450 12
304 444 12
283 337 12
346 309 12
341 190 12
533 332 12
429 415 12
511 437 12
604 304 12
600 261 12
437 17 12
497 85 12
329 74 12
231 46 12
480 161 10
457 112 10
552 232 12
168 200 12
43 97 12
500 394 11
526 391 11
179 381 11
158 389 11
155 32 11
122 41 11
150 76 11
131 86 11
98 76 11
483 20 11
508 42 11
357 110 11
378 105 11
303 245 10
112 253 0
485 423 10
373 342 6
252 104 6
507 160 0
580 57 11
603 33 11
603 89 12
388 190 12
115 182 11
110 212 11
235 277 12
32 405 12
