456 310 12
488 227 12
326 177 12
354 143 12
283 58 12
195 114 12
189 183 12
201 239 12
237 274 12
55 48 12
32 145 12
47 387 12
306 403 12
348 397 12
430 432 12
525 75 12
430 109 12
407 261 12
503 33 11
484 29 11
195 31 11
179 44 11
107 31 11
84 12 11
43 112 12
92 159 10
497 272 11
470 268 11
540 254 11
547 312 11
496 307 11
495 341 11
504 359 11
150 195 11
126 187 11
122 80 11
92 79 11
157 256 11
170 272 11
129 350 11
105 380 11
24 314 11
61 281 11
44 290 11
420 173 10
277 116 10
618 331 12
457 403 12
444 359 12
287 310 11
297 278 11
217 204 10
346 236 6
596 57 11
621 47 11
