303 387 12
84 394 12
118 394 12
45 396 12
41 458 12
141 454 12
127 317 12
142 275 12
185 245 12
186 323 12
211 354 12
227 298 12
97 164 12
29 164 12
150 97 12
118 132 12
97 100 12
55 127 12
174 199 12
361 111 12
442 15 12
504 44 12
535 152 12
600 139 12
549 100 12
621 22 12
422 226 12
418 336 12
383 344 12
379 382 12
377 430 12
421 385 12
432 420 12
331 204 12
470 177 12
101 352 12
275 22 10
140 57 10
213 452 12
470 371 11
495 365 11
314 444 11
325 458 11
267 408 11
247 408 11
50 322 11
45 352 11
105 435 11
352 292 11
343 317 11
369 263 11
379 247 11
603 300 11
626 320 11
246 129 11
271 119 11
368 28 12
35 282 12
614 383 6
