96 397 12
332 324 12
430 288 12
480 289 12
237 279 12
207 194 12
403 189 12
290 152 12
150 71 12
333 78 12
555 143 12
500 434 12
247 342 12
153 417 12
90 137 12
317 177 12
557 379 12
609 290 12
602 66 12
468 59 12
470 163 11
444 147 11
267 64 10
296 103 10
44 145 11
23 163 11
470 361 10
480 387 10
445 332 10
210 421 10
39 394 10
270 317 10
124 347 12
149 198 12
334 15 12
417 359 12
568 298 12
564 92 12
384 381 11
388 412 11
296 365 12
56 318 12
50 267 12
246 226 12
494 245 12
522 112 12
542 221 12
