150 107 3
25 348 3
592 286 3
554 120 3
454 160 3
274 152 9
483 400 6
516 407 6
379 29 6
423 110 0
90 92 6
118 69 6
215 205 0
60 247 0
19 261 0
82 328 0
52 411 0
142 234 0
223 160 0
262 212 0
244 272 0
355 219 0
367 274 0
414 231 0
430 292 0
365 109 0
409 177 0
373 151 0
325 164 0
255 91 0
336 50 0
436 32 0
508 191 0
474 200 0
546 226 0
580 241 0
522 259 0
412 442 0
431 373 0
412 335 0
288 402 0
353 404 0
316 367 0
195 300 0
157 284 0
167 335 0
327 393 0
42 306 6
69 49 0
114 173 0
52 160 0
167 62 0
174 141 0
466 122 0
610 177 6
590 94 0
602 442 0
