447 39 6
499 411 0
191 341 0
243 390 0
564 351 0
594 457 0
489 348 0
374 383 0
421 349 0
378 324 0
321 267 0
514 297 0
438 314 0
451 263 0
136 97 0
435 186 0
420 225 0
247 468 0
309 473 0
177 468 0
467 460 0
58 460 0
344 459 0
502 451 0
557 447 0
400 444 0
155 440 0
442 416 0
327 418 0
197 405 0
7 395 0
457 384 0
252 342 0
4 335 0
632 320 0
97 316 0
239 298 0
57 292 0
267 273 6
390 269 0
37 252 0
508 249 0
629 245 0
287 232 0
369 226 0
600 228 0
236 218 0
318 205 0
518 190 0
536 147 0
487 150 0
228 124 0
280 122 0
7 106 0
447 113 0
479 91 0
96 94 0
604 82 0
208 85 0
278 69 0
563 62 0
47 63 0
421 67 0
124 53 0
485 42 0
545 35 0
267 32 0
216 31 0
624 33 0
17 19 0
479 8 0
410 9 0
320 14 0
184 8 0
133 15 0
49 5 0
578 261 0
555 220 0
173 140 0
90 156 0
51 179 0
98 192 0
101 230 0
116 258 0
51 329 0
25 372 0
107 407 0
274 174 2
405 114 0
355 102 0
327 57 0
364 54 0
582 18 0
488 212 0
532 354 0
541 395 0
594 410 0
612 362 0
345 364 0
296 354 0
361 140 6
138 161 0
316 152 0
240 435 6
148 365 6
76 364 6
28 427 0
73 426 0
591 178 1
