323 314 7
591 471 7
284 147 6
301 91 6
455 352 0
502 322 0
397 340 0
436 213 0
511 265 3
237 274 0
187 278 0
203 340 0
220 221 0
255 187 0
320 188 0
219 152 0
172 158 0
250 115 6
85 87 0
44 76 0
132 86 3
100 138 0
40 199 0
163 47 0
99 57 0
264 70 6
196 18 0
230 49 0
192 96 0
168 105 0
277 28 0
333 42 0
367 60 0
54 123 8
157 295 6
453 117 6
489 92 0
374 161 6
500 172 0
410 254 0
43 383 0
72 351 0
15 353 0
75 224 0
80 267 0
75 308 0
107 379 0
172 387 0
22 448 6
298 354 0
269 393 0
287 427 0
371 431 0
406 386 2
523 410 0
603 398 0
554 390 0
612 359 0
618 107 0
405 100 0
378 221 0
387 293 0
322 399 0
289 318 0
183 436 0
342 275 6
154 343 6
233 376 6
173 217 0
30 251 0
482 399 0
445 416 0
401 425 0
