388 437 12
73 423 12
250 417 12
536 423 12
371 383 12
213 385 12
59 381 12
607 374 12
157 359 12
549 351 12
340 304 12
178 305 12
479 285 12
272 296 12
604 274 12
409 263 12
316 263 12
50 258 12
159 254 12
279 244 12
496 223 12
152 214 12
339 216 12
253 221 12
85 212 12
28 210 12
552 206 12
228 190 12
370 169 12
429 159 12
37 162 12
577 153 12
279 150 12
338 144 12
527 122 12
171 124 12
626 123 12
476 109 12
322 104 12
549 80 12
151 79 12
360 61 12
456 56 12
182 42 12
297 47 12
81 49 12
589 39 12
