357 150 7
57 283 6
506 204 6
207 298 6
226 340 6
302 83 6
135 388 6
112 306 6
404 367 0
422 332 0
467 325 0
510 403 0
168 240 0
106 268 0
11 22 0
65 57 0
80 104 0
140 113 0
119 58 0
142 16 0
23 105 0
195 47 0
210 87 0
238 44 0
203 154 0
131 237 0
33 248 0
86 191 0
122 170 0
153 191 0
93 374 6
225 260 0
177 321 0
185 363 0
293 181 0
327 189 0
314 230 0
50 424 0
32 382 0
175 405 0
250 401 0
412 415 0
454 369 8
570 379 0
452 263 3
257 192 3
13 217 3
280 253 0
320 137 0
377 104 0
441 137 0
387 179 0
480 130 0
504 164 0
229 124 6
286 22 0
340 22 0
476 28 0
565 49 0
600 21 0
615 56 0
611 163 0
582 180 0
575 133 8
412 275 0
377 282 0
362 322 0
328 301 0
585 315 0
598 276 0
596 239 0
483 236 0
441 208 0
171 451 0
