159 461 6
99 177 6
430 83 2
337 221 0
343 107 0
133 240 0
502 397 2
596 222 0
561 190 0
525 99 0
371 251 6
37 99 6
60 18 0
47 62 0
240 32 0
139 140 0
51 138 0
213 114 3
30 236 0
90 217 0
112 275 0
38 284 0
82 305 0
157 96 0
116 96 0
257 128 0
177 142 0
232 161 0
387 76 0
351 39 0
463 30 6
465 164 0
537 59 0
563 18 0
539 152 0
420 232 6
494 252 0
613 282 6
77 380 0
149 292 0
182 267 0
225 257 0
267 248 0
259 327 0
283 376 0
214 371 0
112 437 0
126 400 0
31 441 0
522 307 0
471 303 0
438 271 0
400 293 0
349 300 0
381 337 8
521 377 0
442 360 0
402 430 0
442 197 0
568 257 0
605 46 0
207 427 0
