139 157 8
380 189 8
276 367 0
207 269 6
562 375 2
8 152 7
612 168 0
346 356 0
486 65 0
440 49 0
440 392 0
310 439 0
402 416 0
356 77 0
108 269 0
290 471 0
486 463 0
216 463 0
51 462 0
172 460 0
105 460 0
262 452 0
426 454 0
578 443 0
373 443 0
133 428 0
542 411 0
37 410 0
148 383 0
198 374 0
97 369 0
43 369 0
543 341 0
426 338 6
131 331 0
261 326 0
12 312 0
86 311 0
189 312 0
472 308 0
255 286 0
150 285 0
8 269 0
486 266 0
381 230 0
88 227 0
302 220 0
30 212 0
443 212 0
578 200 0
112 185 0
515 175 0
59 162 0
432 157 0
365 147 0
581 131 0
175 130 0
521 126 0
29 124 0
399 107 0
620 99 0
545 96 0
188 90 0
39 85 0
233 81 0
126 70 0
582 58 0
67 58 0
347 45 0
28 40 0
509 26 0
467 27 0
628 16 0
587 10 0
326 14 0
155 17 0
51 13 0
485 364 0
475 400 0
592 408 0
612 375 0
599 332 0
627 304 0
625 257 0
578 247 0
532 255 0
544 209 0
270 52 0
284 18 0
286 91 0
290 127 0
275 167 0
180 195 0
40 293 0
300 277 6
223 417 8
254 226 8
472 115 8
474 176 6
334 246 6
225 342 6
222 210 3
196 42 6
396 37 0
282 407 6
504 436 0
