329 326 3
310 367 3
225 403 3
172 394 3
52 416 3
84 339 3
44 320 3
159 148 3
205 167 3
529 56 3
461 122 3
430 240 3
404 249 3
231 317 3
347 68 3
150 120 3
61 170 3
199 231 3
547 252 3
180 50 3
40 98 0
5 62 2
78 28 3
22 203 3
41 183 3
132 401 0
142 340 0
87 399 3
36 286 2
129 166 3
146 177 3
85 201 3
233 224 3
250 422 0
172 298 3
392 140 0
496 157 0
543 141 0
486 100 0
592 39 3
565 99 3
557 72 3
488 66 3
482 25 3
312 29 0
432 330 3
471 302 0
523 318 0
407 299 3
383 404 3
402 436 3
331 396 3
539 359 3
600 178 3
608 221 3
617 255 3
634 207 3
590 273 0
576 372 0
482 434 3
450 452 0
