536 472 8
166 193 0
242 331 0
579 440 8
337 117 0
471 114 0
117 216 0
395 48 0
493 472 0
598 471 0
409 467 0
452 463 0
488 442 0
523 420 0
458 413 0
107 399 0
395 392 0
193 379 0
537 375 0
446 371 0
141 365 0
499 357 0
92 357 0
529 327 0
387 330 11
65 317 0
444 318 0
280 295 0
95 293 0
372 288 0
229 280 0
417 272 0
62 260 0
143 252 0
310 223 0
213 233 0
417 217 11
458 213 0
255 197 0
385 182 0
22 182 0
61 163 0
304 155 0
231 154 0
185 151 0
572 148 0
360 145 0
94 136 0
615 130 0
54 116 0
236 103 0
148 112 0
20 88 0
111 83 0
324 76 0
188 75 0
419 73 0
92 46 0
166 35 0
247 31 0
42 26 0
612 21 0
346 316 9
465 64 8
347 10 8
610 236 8
562 280 8
350 210 8
172 441 0
181 458 0
78 423 0
30 399 0
12 439 0
268 248 0
416 135 0
456 152 0
439 172 0
517 192 0
568 188 0
558 80 0
525 65 0
487 83 0
540 15 0
601 195 0
529 235 0
527 267 0
570 230 0
585 304 0
597 344 0
635 322 0
629 417 0
455 298 0
353 362 0
317 344 0
284 371 0
292 334 0
324 390 0
307 421 0
292 442 0
239 382 0
227 417 0
351 440 0
183 342 5
