451 19 3
339 15 3
233 39 3
80 52 3
41 188 3
62 114 3
77 145 3
107 120 3
129 174 3
130 219 3
92 235 3
112 273 3
67 297 3
42 255 3
190 248 3
224 245 3
285 102 3
435 138 3
398 230 3
442 330 3
405 357 3
267 369 3
216 357 3
173 362 3
116 392 3
121 342 3
147 444 3
67 438 3
549 115 3
496 81 3
460 55 3
350 150 3
319 168 3
306 205 3
353 236 3
590 299 3
628 261 3
587 338 3
519 311 3
460 298 3
473 247 3
460 163 3
434 429 3
460 393 3
504 387 3
536 371 3
621 387 3
424 395 3
391 407 3
317 414 3
281 448 3
249 436 3
189 464 3
295 330 3
296 288 3
230 321 3
27 399 3
18 448 3
406 157 3
501 185 3
396 58 3
262 156 3
145 132 3
128 88 3
32 41 3
55 16 3
108 36 3
554 75 3
599 53 3
605 97 3
603 178 3
515 267 8
18 152 3
29 300 3
216 156 3
425 195 3
363 376 3
597 436 3
632 325 3
280 41 8
143 257 0
328 310 2
411 307 3
379 309 3
359 287 3
440 101 3
573 155 3
538 184 3
477 130 0
202 27 0
211 60 0
155 46 3
150 318 3
147 372 3
364 98 0
329 114 0
414 15 0
