120 136 3
151 125 3
123 101 3
65 97 3
32 128 3
160 37 3
160 84 3
239 101 3
243 20 3
315 31 3
338 68 3
373 27 3
416 13 3
55 40 8
18 176 3
57 187 3
138 207 3
182 209 3
258 180 3
240 258 3
80 274 3
60 239 3
36 260 3
108 339 3
70 364 3
59 332 3
20 367 3
29 405 3
134 361 3
120 399 3
137 307 3
213 281 3
122 442 3
284 315 3
262 375 3
211 379 3
306 420 3
314 387 3
355 365 3
326 338 3
290 167 3
282 126 3
330 162 3
406 116 3
531 27 3
592 20 3
568 57 3
541 73 3
529 111 3
575 110 3
616 126 3
577 171 3
619 187 3
546 179 3
428 201 3
386 277 3
454 241 3
465 276 3
435 357 3
402 373 3
352 455 3
223 460 3
182 469 3
543 338 3
485 300 3
495 218 3
519 242 3
559 225 3
592 224 3
593 275 3
628 239 3
598 311 3
550 288 3
568 379 3
606 396 3
533 405 3
490 403 3
454 387 3
397 445 3
478 464 3
97 52 3
18 25 3
500 76 3
422 413 3
95 461 3
199 166 3
364 147 3
430 166 3
435 53 3
402 75 3
199 59 2
247 225 8
283 258 8
160 266 8
475 349 0
369 319 0
415 235 0
375 225 0
208 239 0
466 135 0
94 182 0
333 243 3
277 93 3
195 25 3
110 261 3
444 332 3
508 162 3
266 50 0
201 97 0
