219 391 3
148 327 3
38 377 3
23 414 3
76 334 3
121 285 3
57 190 3
68 169 3
134 187 3
232 180 3
180 172 3
234 246 3
328 145 3
361 103 3
372 145 3
287 321 3
250 342 3
200 328 3
477 217 3
444 273 3
387 256 3
375 297 3
381 349 3
336 347 3
345 383 3
233 435 3
106 457 3
534 185 3
479 256 3
374 31 3
407 142 3
105 39 3
125 228 3
71 215 3
288 205 3
267 239 3
471 314 3
561 326 3
546 272 3
627 250 3
591 318 3
583 374 3
495 381 3
455 406 3
438 440 3
491 424 3
289 448 3
187 95 3
124 129 3
547 457 3
611 420 3
615 375 3
566 40 3
594 129 3
167 217 3
219 127 3
453 148 3
290 140 2
597 25 3
302 22 3
198 360 3
66 409 3
120 348 3
416 9 3
94 72 3
342 420 2
386 205 0
355 243 0
327 309 0
182 282 3
266 154 0
541 69 0
508 105 0
105 415 3
262 386 3
29 232 3
610 58 3
415 85 3
365 451 3
422 312 3
597 186 0
539 225 0
465 85 2
297 92 3
36 125 0
29 32 0
151 51 0
217 20 3
172 25 0
218 61 2
162 116 2
222 285 0
412 394 2
293 392 3
165 405 3
68 48 3
