456 330 8
339 292 8
130 467 8
47 340 8
61 440 3
63 391 3
26 413 3
117 425 3
97 458 3
157 423 3
230 459 3
169 457 3
244 385 3
162 359 3
187 395 3
216 350 3
340 344 3
322 396 3
338 437 3
257 441 3
426 423 3
460 407 3
467 366 3
372 253 3
486 295 3
505 270 3
520 221 3
558 291 3
560 325 3
555 371 3
48 215 3
5 217 3
63 140 3
90 108 3
101 53 3
49 34 3
132 50 3
148 13 3
212 13 3
136 134 3
106 151 3
111 293 3
91 343 3
42 267 3
7 330 3
180 272 3
314 237 3
293 290 3
240 315 3
257 152 3
259 100 3
222 55 3
525 114 3
387 170 3
584 77 3
580 15 3
450 57 3
366 25 3
368 79 3
446 172 3
234 220 3
282 223 3
193 211 3
108 191 3
119 257 3
258 59 3
286 37 3
475 28 3
612 267 3
164 104 0
93 15 0
307 79 0
171 60 3
183 142 3
391 53 2
379 112 3
315 117 3
294 156 3
299 192 3
229 275 3
77 308 0
155 300 0
80 217 3
365 325 0
270 362 3
371 419 3
599 300 3
396 458 3
609 205 3
635 234 3
479 156 3
417 259 0
401 221 3
480 203 0
547 139 0
523 45 3
451 103 3
426 313 3
618 90 3
612 131 3
405 85 3
560 47 3
617 166 0
