36 457 3
70 399 3
102 376 3
140 364 3
82 324 3
131 422 3
97 444 3
195 429 3
187 385 3
165 298 3
273 330 3
244 250 3
322 249 3
339 210 3
288 265 3
344 454 3
263 403 3
351 414 3
414 282 3
450 292 3
479 274 3
474 340 3
545 381 3
556 351 3
427 221 3
431 178 3
470 213 3
527 215 3
545 174 3
480 87 3
448 108 3
412 124 3
326 117 3
294 86 3
295 144 3
255 142 3
209 141 3
170 176 3
72 151 3
51 179 3
15 154 3
69 114 3
54 35 3
227 57 3
242 16 3
344 69 3
61 261 3
384 329 3
373 369 3
584 57 3
356 14 3
396 27 3
137 175 3
82 226 3
31 310 3
25 274 3
11 182 3
149 240 3
132 323 3
17 377 3
408 377 3
474 375 3
505 398 3
596 123 3
536 114 3
364 138 3
270 61 3
302 25 3
112 12 3
461 416 8
553 272 6
37 81 3
145 93 3
193 52 3
192 276 3
202 219 3
220 179 3
360 188 3
310 314 9
49 361 0
540 68 0
489 126 3
565 226 3
613 207 3
606 300 3
584 329 2
436 25 3
478 45 3
602 31 3
491 11 3
103 121 3
186 94 3
220 351 3
421 418 3
416 463 3
299 440 0
315 472 0
310 408 3
613 357 3
