34 427 3
42 341 3
60 265 3
69 302 3
120 300 3
219 235 3
266 316 3
324 324 3
326 365 3
321 413 3
341 442 3
290 433 3
406 282 3
411 217 3
448 197 3
462 128 3
365 179 3
279 186 3
239 195 3
314 138 3
361 95 3
560 83 3
322 12 3
282 15 3
179 22 3
180 85 3
129 65 3
70 58 3
30 52 3
66 91 3
53 177 3
16 225 3
172 174 3
114 227 3
69 215 3
497 262 3
519 244 3
358 413 3
450 364 3
512 302 3
521 378 3
345 137 3
287 108 3
426 397 3
71 430 3
172 287 3
492 403 6
42 390 3
151 312 3
79 332 3
64 124 3
125 115 3
94 154 3
243 28 3
75 20 3
402 414 3
452 429 3
447 277 3
372 340 3
370 282 3
330 241 3
366 213 3
411 185 3
498 101 3
442 86 8
620 173 3
582 127 3
587 76 3
634 53 3
425 22 3
468 332 3
515 341 3
624 304 3
582 332 3
546 322 3
590 382 3
493 171 3
606 228 3
527 105 3
494 61 3
305 65 3
231 128 3
231 83 3
175 217 3
262 247 3
118 402 3
158 373 3
191 347 3
165 405 3
206 403 3
392 99 3
